,위      치,lat,lng,연도,score
0,남산로13길17,35.8604845,128.5812157,27,15
1,남산로13길70,35.8609692,128.5790103,17,10
2,남성로13,35.8696398,128.5883087,45,20
3,달구벌대로1937,35.8638639,128.5753408,35,20
4,달구벌대로 1943,35.8635766,128.5767959,2,5
5,달구벌대로1950,35.8622582,128.5773123,15,10
6,달구벌대로1955,35.8639029,128.5781015,5,5
7,달구벌대로1960,35.8626812,128.5785522,12,10
8,달구벌대로1970,35.863368,128.5802524,12,10
9,달구벌대로1975,35.8650358,128.5797873,14,10
10,달구벌대로2035,35.8670295,128.5861157,34,20
11,달구벌대로2051,35.8668491,128.5885438,13,10
12,달구벌대로389길70,35.8662616,128.5758553,40,20
13,달구벌대로447길77,35.8666454,128.6064814,7,5
14,대봉로220-41,35.8586907,128.6024763,20,15
15,대봉로226,35.858801,128.6016822,24,15
16,대봉로230,35.8592238,128.6014961,42,20
17,대봉로254,35.8612468,128.6017571,42,20
18,대봉로260,35.8618872,128.6018572,13,10
19,동덕로33,35.8580989,128.603837,34,20
20,동덕로55,35.8563675,128.6001646,5,5
21,동덕로109,35.8645376,128.6026424,41,20
22,동덕로30길63-11,35.8673292,128.6072633,11,10
23,동덕로36길57,35.8702508,128.6077141,36,20
24,경상감영길111,35.8812692,128.6638551,40,20
25,경상감영길117-7,35.87263,128.5935842,40,20
26,공평로105,35.87353050000001,128.6011047,6,5
27,공평로4길23-10,35.8657566,128.6014867,18,10
28,공평로4길24-14,35.8647399,128.6009409,17,10
29,공평로4길37-10,35.8655895,128.6022672,15,10
30,공평로10길30-74,35.866914,128.6030834,19,10
31,공평로10길60,35.8672805,128.6031492,17,10
32,국채보상로749,35.8687493,128.6124786,45,20
33,국채보상로101길21,35.871436,128.5840862,13,10
34,국채보상로131길55,35.8724918,128.6020969,23,15
35,국채보상로131길60,35.8723722,128.6027493,17,10
36,국채보상로143길74,35.8722285,128.6094446,41,20
37,국채보상로143길74-15,35.87229680000001,128.6098283,28,15
38,국채보상로149길50,35.870623,128.6118054,51,20
39,국채보상로151길9,35.8690355,128.6120224,42,20
40,남산로30,35.8589917,128.5829342,6,5
41,남산로4길58,35.8594183,128.5852891,17,10
42,남산로4길91,35.8610413,128.5845968,28,15
43,남산로6길23-9,35.8595529,128.5861426,19,10
44,남산로6안길47,35.8567336,128.5861711,2,5
45,남산로7길 7,35.8600569,128.5796626,2,5
46,남산로7길77,35.859975,128.5790285,15,10
47,남산로7길80,35.8599331,128.579677,28,15
48,동덕로38길62,35.8708345,128.6081228,40,20
49,동덕로38길100,35.870513,128.6098644,43,20
50,동덕로40길77,35.8714804,128.6094366,41,20
51,명덕로221,35.8568612,128.5944831,43,20
52,명덕로55길25,35.8565729,128.5991786,14,10
53,명륜로19,35.8623065,128.59386,6,5
54,명륜로70,35.8610709,128.5919889,45,20
55,명륜로126-1,35.8597394,128.598051,4,5
56,명륜로161,35.8608101,128.6018546,47,20
57,명륜로165,35.8608386,128.602456,40,20
58,명륜로173,35.8609758,128.6031535,38,20
59,명륜로28길28,35.8584481,128.597625,34,20
60,봉산문화길69,35.862399,128.5968142,14,10
61,서성로88-5,35.8747408,128.5882212,17,10
62,서성로88-5,35.8747408,128.5882212,17,10
63,서성로99,35.875955,128.5868818,3,5
64,서성로15길10,35.8733636,128.5871026,17,10
65,시장북로9-2,35.8725742,128.5830138,4,5
66,신암로6,35.8731282,128.6051249,13,10
67,이천로222-6,35.8607764,128.599589,17,10
68,중앙대로307-16,35.8610789,128.591473,45,20
69,중앙대로307-22,35.861224,128.5911009,39,20
70,중앙대로323,35.862092,128.5925557,14,10
71,중앙대로58길5,35.857667,128.5915562,3,5
72,중앙대로66길20,35.8613112,128.5933014,6,5
73,중앙대로67길10,35.8636339,128.5924309,13,10
74,중앙대로81길51,35.869482,128.5909042,17,10
75,큰장로74,35.8660642,128.5753036,41,20
76,큰장로102,35.8677041,128.5774747,41,20
77,큰장로22길47,35.86653620000001,128.5794837,17,10
78,태평로15,35.8783725,128.5800118,36,20
79,태평로56,35.8768021,128.5839728,45,20
80,태평로 113,35.8765032,128.5909099,42,20
81,태평로113-81,35.8769225,128.5893947,4,5
82,태평로129,35.8762895,128.5916536,40,20
83,태평로177,35.87489619999999,128.5976433,35,20
84,태평로205,35.8743534,128.6005694,42,20
85,태평로225,35.8739448,128.6022551,42,20
86,과학로13길30,35.887271,128.7169195,6,5
87,국채보상로829,35.8682373,128.621959,12,10
88,국채보상로861,35.86757600000001,128.6245084,13,10
89,국채보상로863,35.8675946,128.6254542,13,10
90,국채보상로889,35.8671861,128.6279059,40,20
91,국채보상로155길8,35.8688854,128.6149568,25,15
92,국채보상로155길54,35.872765,128.6136402,22,15
93,국채보상로159길41,35.8704136,128.6150273,24,15
94,국채보상로165길30,35.8697039,128.6159908,38,20
95,국채보상로171길36,35.8690978,128.6228804,17,10
96,국채보상로171길41,35.8693924,128.6220378,39,20
97,금강로21길 10,35.8694009,128.701182,4,5
98,금강로21길 30,35.8690851,128.6993831,3,5
99,금호강변로315,35.8614238,128.6970936,10,10
100,금호강변로3길9,35.869706,128.6905187,11,10
101,금호강변로3길22,35.8694754,128.6897897,7,5
102,금호강변로3길35,35.8694754,128.6897897,2,5
103,동대구로588,35.8822621,128.6255385,41,20
104,동대구로596,35.8826824,128.6251453,39,20
105,동대구로83길14,35.8692034,128.6247463,4,5
106,동대구로83길18,35.8695457,128.6241086,41,20
107,동대구로85길59,35.8755135,128.6240768,40,20
108,동부로1,35.874808,128.613533,33,20
109,동부로20,35.8733234,128.6144274,18,10
110,동부로26,35.87263069999999,128.6157554,9,5
111,동부로29,35.8760076,128.6242977,5,5
112,동부로33,35.8760076,128.6242977,5,5
113,동부로81,35.8758378,128.6213229,13,10
114,동부로103-18,35.8769181,128.6236614,19,10
115,동부로187,35.8782864,128.6325962,17,10
116,동부로190,35.877678,128.6331163,45,20
117,동부로200,35.878178,128.6341779,41,20
118,동부로217,35.8795914,128.6351726,17,10
119,동부로225,35.8802228,128.6357668,39,20
120,동부로3길38,35.8757498,128.6154894,27,15
121,동부로16길18,35.8740555,128.6205261,47,20
122,동부로22길91-12,35.8675135,128.6280281,18,10
123,동부로22길91-13,35.8678039,128.6281699,18,10
124,동부로28길29,35.872629,128.6284483,45,20
125,동부로30길78,35.8700774,128.628788,17,10
126,동부로30길100-9,35.8681029,128.6280516,46,20
127,동부로32길99,35.8732165,128.6302059,39,20
128,동부로34길64,35.8730538,128.6332046,41,20
129,동북로440,35.8839217,128.6340797,18,10
130,동북로460,35.8827593,128.6348811,22,15
131,동북로500,35.88006439999999,128.6394701,17,10
132,동촌로100,35.8865925,128.6523816,3,5
133,동촌로133,35.8854593,128.6560738,17,10
134,동촌로169,35.8837889,128.6592553,5,5
135,동촌로190,35.8816743,128.6609235,20,15
136,경대로88,35.8884341,128.617026,39,20
137,경안로726,35.8668889,128.7140478,40,20
138,경안로776,35.8714123,128.7139355,5,5
139,경안로790-67,35.8731529,128.7152963,3,5
140,경안로809,35.8750479,128.7135307,25,15
141,경안로810,35.8747088,128.7152331,17,10
142,경안로822,35.8747958,128.7166702,11,10
143,경안로824,35.8756698,128.7165574,11,10
144,경안로956,35.8731529,128.7152963,3,5
145,경안로107길16,35.87087289999999,128.7120415,6,5
146,경안로107길41,35.87079,128.7092835,2,5
147,경안로109길29,35.8713933,128.7104516,9,5
148,경안로109길31,35.871602,128.7103781,9,5
149,경안로109길32,35.871613,128.7101922,6,5
150,경안로109길41,35.8714208,128.7113027,4,5
151,공항로148,35.89801,128.6359033,4,5
152,공항로150,35.9004288,128.6317686,27,15
153,공항로45길8,35.8965076,128.6424646,4,5
154,공항로52길14,35.8938952,128.640267,39,20
155,공항로52길28,35.893373,128.6389845,25,15
156,공항로54길51,35.8932878,128.6410456,4,5
157,공항로54길60,35.8932878,128.6410456,3,5
158,과학로23,35.8714354,128.601445,4,5
159,과학로45,35.8714354,128.601445,7,5
160,동촌로195,35.8833436,128.6622132,39,20
161,동촌로222,35.8814134,128.6639348,32,20
162,동촌로346,35.8771464,128.6765707,31,20
163,동촌로259-7,35.8803717,128.668448,6,5
164,동촌로259-9,35.8807904,128.6688469,6,5
165,동촌로391-14,35.8763193,128.6820853,4,5
166,동촌로391-16,35.8763193,128.6820853,4,5
167,동촌로391-18,35.8763193,128.6820853,4,5
168,동촌로391-22,35.8763193,128.6820853,4,5
169,동촌로1길15,35.892033,128.6455892,8,5
170,동촌로6길3,35.8896482,128.646338,25,15
171,동촌로6길10,35.8901692,128.6448281,39,20
172,동촌로6길10,35.8901692,128.6448281,40,20
173,동촌로11길20,35.8891314,128.6507091,5,5
174,동촌로11길27,35.886828,128.628229,3,5
175,동촌로11길35,35.8891314,128.6507091,5,5
176,동촌로14길14,35.8874416,128.6492109,35,20
177,동촌로16길22,35.8868027,128.6506921,5,5
178,동촌로25길69,35.883604,128.6622309,13,10
179,동촌로42길63,35.87907879999999,128.6615287,17,10
180,동촌로48길56,35.8787841,128.6652673,40,20
181,동촌로54길13,35.8781615,128.6688071,31,20
182,동촌로56길36,35.8776039,128.6693938,31,20
183,동촌역사로2길3,35.8714354,128.601445,4,5
184,동촌역사로2길5,35.815298,128.4918757,4,5
185,동촌역사로2길15,35.8714354,128.601445,4,5
186,동촌역사로3길5,35.8915357,128.6470288,3,5
187,동촌역사로3길9,35.8915357,128.6470288,5,5
188,동촌역사로3길11,35.8913509,128.6461469,5,5
189,동촌역사로3길20,35.8867797,128.6487769,5,5
190,동촌역사로3길22,35.8915357,128.6470288,5,5
191,동촌역사로3길23,35.8916511,128.6468062,5,5
192,동촌역사로3길28,35.8915357,128.6470288,5,5
193,동촌역사로3길42,35.8916286,128.647629,5,5
194,동촌역사로4길7,35.8714354,128.601445,5,5
195,동촌역사로4길12,35.8867797,128.6487769,4,5
196,동촌역사로4길18,35.881547,128.6659105,4,5
197,동촌역사로4길22,35.8714354,128.601445,2,5
198,동호로47,35.8661791,128.7215101,16,10
199,동호로47,35.8661791,128.7215101,16,10
200,동호로88,35.8657254,128.7270989,17,10
201,동호로89,35.8676095,128.7263033,17,10
202,동호로132,35.8662301,128.7314109,17,10
203,메디밸리로35,35.8710167,128.6330522,5,5
204,반야월로26,35.8737505,128.6914087,23,15
205,반야월로55,35.8739612,128.6947183,17,10
206,반야월로343,35.8727074,128.7141789,2,5
207,반야월로345,35.8720493,128.7261589,2,5
208,반야월로360,35.87146329999999,128.7281136,5,5
209,반야월로370,35.8710457,128.7299491,13,10
210,반야월로6길20,35.873438,128.6927637,22,15
211,반야월로22길3,35.87199349999999,128.6992802,4,5
212,반야월로24길15,35.8720945,128.7001706,4,5
213,반야월로24길42,35.8715546,128.7000127,16,10
214,반야월로26길12,35.8725333,128.7012749,3,5
215,반야월로30길15,35.8707484,128.7045053,5,5
216,반야월로32길17,35.8717852,128.7055882,17,10
217,반야월북로123,35.8743766,128.711074,11,10
218,반야월북로132-16,35.8747366,128.7208513,4,5
219,반야월북로132-24,35.8747366,128.7208513,4,5
220,반야월북로153,35.8733734,128.7144271,28,15
221,반야월북로155,35.8736504,128.7151217,31,20
222,반야월북로167,35.8731203,128.715901,2,5
223,반야월북로175,35.8733287,128.7172395,24,15
224,반야월북로221,35.8736927,128.7223678,10,10
225,반야월북로251,35.8730585,128.7256122,19,10
226,반야월북로269,35.8727681,128.7277203,28,15
227,반야월북로269-30,35.8735741,128.7275316,27,15
228,반야월북로312,35.8747366,128.7208513,4,5
229,반야월북로26길31,35.8788754,128.7047329,7,5
230,반야월북로27길21-8,35.8752186,128.7122576,4,5
231,반야월북로53길10,35.8733777,128.7269219,27,15
232,반야월북로55길11,35.8736659,128.7281559,4,5
233,반야월북로55길19,35.8744039,128.7277408,23,15
234,반야월북로57길13-4,35.8736107,128.7305563,17,10
235,반야월북로57길13-6,35.8737881,128.7305845,17,10
236,반야월북로57길13-8,35.8739727,128.7306105,17,10
237,방천로1길97,35.8944529,128.634713,18,10
238,방천로3길1,35.8985213,128.633712,24,15
239,방천로3길30,35.89748970000001,128.6310685,27,15
240,방촌로78,35.8835758,128.6645308,2,5
241,방촌로125,35.882667,128.6657517,24,15
242,방촌로1길12,35.8836314,128.6658362,6,5
243,방촌로1길109,35.8835462,128.6666539,25,15
244,방촌로13길28,35.8871804,128.6620613,36,20
245,송라로59,35.872231,128.6184765,41,20
246,송라로3길13,35.8696221,128.6192646,17,10
247,송라로6길20,35.8703656,128.6217342,40,20
248,송라로10길6,35.8722404,128.6196205,9,5
249,송라로10길34,35.8711245,128.6224201,12,10
250,송라로11길39,35.8709464,128.6171111,9,5
251,송라로11길86,35.8715461,128.6149541,24,15
252,송라로12길37,35.8743814,128.6219981,42,20
253,송라로14길132,35.8736207,128.6221638,10,10
254,송라로16길11,35.8756742,128.617924,2,5
255,송라로28길14,35.873701,128.6218233,2,5
256,신서로72,35.8747927,128.725586,11,10
257,신성로30,35.8783251,128.611189,17,10
258,신성로60,35.87942779999999,128.6139374,28,15
259,신성로67,35.8804984,128.6137918,44,20
260,신암남로10,35.8774244,128.6175899,46,20
261,신암남로50,35.8779829,128.6202776,15,10
262,신암남로69,35.8795905,128.6234841,18,10
263,신암남로82,35.8794587,128.6249118,5,5
264,신암남로146,35.88228350000001,128.6309323,3,5
265,신암남로179,35.88516389999999,128.6323385,16,10
266,신암남로23길17,35.8821056,128.6275496,28,15
267,신암남로23길26,35.8828177,128.6280514,17,10
268,신암남로23길26-6,35.8824847,128.628308,8,5
269,신암남로23길26-8,35.8823813,128.6284312,18,10
270,신암남로23길30,35.88306470000001,128.6283934,41,20
271,신암남로23길49-5,35.8849369,128.6280117,17,10
272,신암남로23길51,35.8850419,128.6289628,17,10
273,신암남로23길63-1,35.8849554,128.6305016,17,10
274,신암남로23길65,35.8849643,128.6306966,18,10
275,신암남로23길67,35.8849353,128.6309057,18,10
276,신암남로23길75,35.8847353,128.6319209,18,10
277,신암남로24길17,35.8809844,128.6301357,17,10
278,신암남로24길97,35.8827665,128.63386,17,10
279,신암남로27길36,35.8833109,128.6292293,7,5
280,아양로154,35.8853151,128.6299728,4,5
281,아양로158,35.8851779,128.6303649,18,10
282,아양로160,35.8852115,128.6306532,18,10
283,아양로165,35.8858859,128.6311303,17,10
284,아양로171,35.88578529999999,128.6317553,39,20
285,아양로190,35.8855145,128.6340458,41,20
286,아양로218,35.883607,128.6363299,22,15
287,아양로324-6,35.8924891,128.6448325,18,10
288,아양로7길12,35.8833389,128.6177598,15,10
289,아양로8길11,35.8809366,128.6193958,40,20
290,아양로8길30,35.8793826,128.6194158,42,20
291,아양로10길9,35.8814452,128.6205538,39,20
292,아양로14길4,35.8823584,128.6222798,18,10
293,아양로15길26,35.8844962,128.6231648,39,20
294,아양로24길13,35.8842353,128.6280814,14,10
295,아양로34길24,35.8836773,128.6301703,17,10
296,아양로34길25,35.8834033,128.6305093,5,5
297,아양로34길53,35.88129869999999,128.6286364,17,10
298,아양로39길16,35.8872023,128.6349653,36,20
299,아양로39길20,35.8877808,128.6350021,35,20
300,아양로47길15,35.887597,128.6378682,2,5
301,아양로49길20,35.8879503,128.6390628,32,20
302,아양로49길77,35.8912986,128.6334562,32,20
303,아양로52길128,35.8820955,128.6434292,39,20
304,아양로71길11,35.8829577,128.6217595,40,20
305,안심로400,35.8680007,128.7276268,17,10
306,안심로402,35.8686557,128.7293115,17,10
307,안심로477,35.8709518,128.7302424,2,5
308,안심로7길7,35.8725898,128.6935702,5,5
309,안심로16길29,35.8654921,128.6943178,11,10
310,안심로16길45,35.864507,128.694792,12,10
311,안심로16길71,35.8617025,128.694257,9,5
312,안심로22길3,35.8662173,128.6979638,26,15
313,안심로22길55,35.8643691,128.69758,12,10
314,안심로22길75,35.8638808,128.6997227,11,10
315,안심로22길76,35.8626351,128.6998845,11,10
316,안심로41길21,35.8681886,128.707338,31,20
317,안심로41길46,35.8702274,128.7088632,18,10
318,안심로41길63,35.871756,128.7087107,4,5
319,안심로49길103,35.8704855,128.7103305,18,10
320,안심로49길111,35.86831340000001,128.7109528,5,5
321,안심로73길12-4,35.869367,128.7261566,8,5
322,안심로73길22,35.8702298,128.7259751,13,10
323,용계로2길4,35.8755197,128.6956287,4,5
324,율하동로19,35.8611873,128.6994676,11,10
325,율하동로67,35.8653436,128.6997256,23,15
326,신암남로27길46-1,35.88357209999999,128.6296013,18,10
327,신암남로28길16,35.8835429,128.6330453,5,5
328,신암남로28길40,35.8828668,128.6322793,18,10
329,신암남로28길45,35.8832412,128.6320375,20,15
330,신암남로28길65,35.8840292,128.6326651,17,10
331,신암남로28길82,35.8843611,128.6334796,3,5
332,신암남로28길80-8,35.8837577,128.6333906,17,10
333,신암남로30길46-1,35.8831585,128.6335386,17,10
334,신암남로30길46-3,35.8829918,128.6337012,17,10
335,신암로132,35.8808417,128.6138221,42,20
336,신암로12길7,35.87672209999999,128.607727,41,20
337,신암로12길13,35.8766346,128.608104,3,5
338,신암로16길16,35.8766621,128.6099691,23,15
339,신암로16길22,35.8768176,128.6105916,29,15
340,신암로16길25,35.877146,128.6108464,7,5
341,신암로20길39,35.8790132,128.6127071,11,10
342,신암북로77,35.8879649,128.6237624,40,20
343,신암북로101,35.8886233,128.6264591,36,20
344,신암북로7길59,35.889168,128.6185716,20,15
345,신암북로7길60,35.8893452,128.6188089,20,15
346,신암북로11길6,35.8876707,128.6226215,39,20
347,신평로76-7,35.878264,128.6780044,18,10
348,아양로20,35.8809454,128.6164554,40,20
349,아양로124,35.88448899999999,128.6273093,12,10
350,아양로146,35.88525080000001,128.6289943,17,10
351,율하동로73,35.8661748,128.700147,17,10
352,율하동로76,35.8656224,128.7032304,26,15
353,율하동로101,35.86878900000001,128.7016273,31,20
354,율하동로8길16,35.86057,128.7033186,10,10
355,율하동로20길20,35.8674793,128.703951,31,20
356,율하동로20길30,35.8673116,128.705358,32,20
357,율하동로20길31,35.8686405,128.7052923,32,20
358,율하동로20길40,35.8672062,128.7067147,33,20
359,율하동로24길14,35.8688675,128.7037706,31,20
360,율하동로27길16,35.8721934,128.7009884,7,5
361,율하동로28길54,35.8707858,128.7084684,16,10
362,율하서로23,35.8639368,128.6907143,5,5
363,율하서로59,35.8640922,128.6920047,12,10
364,율하서로85,35.8618101,128.6904369,9,5
365,이노밸리로29길34,35.8832975,128.7041013,5,5
366,이노밸리로29길56,35.8832975,128.7041013,5,5
367,입석로26,35.8914762,128.6501235,4,5
368,입석로30,35.8914762,128.6501235,4,5
369,입석로34,35.8742594,128.6327178,4,5
370,장등로8-5,35.8681946,128.6239474,47,20
371,장등로12,35.86835,128.6240505,43,20
372,장등로21,35.8692707,128.6230799,8,5
373,장등로25,35.8697841,128.623157,17,10
374,장등로28,35.8697394,128.6237801,41,20
375,장등로29,35.8701644,128.6231722,5,5
376,팔공로519-1,35.9443913,128.6718766,16,10
377,팔공로529-9,35.9443913,128.6718766,16,10
378,팔공로529-13,35.9443913,128.6718766,18,10
379,팔공로529-15,35.9443913,128.6718766,18,10
380,팔공로24길131,35.9094832,128.6485356,23,15
381,팔공로25길46,35.9113915,128.6360216,30,0
382,팔공로26길37,35.9100198,128.6449526,32,20
383,팔공로26길49,35.9103687,128.6467824,30,0
384,팔공로27길4,35.9110794,128.6375868,4,5
385,팔공로27길5-6,35.9107151,128.6399925,4,5
386,팔공로29길3-1,35.9114973,128.6405317,17,10
387,팔공로29길10,35.9124764,128.6394671,32,20
388,팔공로31길14,35.9135664,128.6395745,37,20
389,팔공로31길20,35.9132882,128.639015,30,0
390,팔공로33길10,35.9143084,128.6395306,32,20
391,팔공로33길19,35.9136765,128.6390425,31,20
392,팔공로37길33,35.9153172,128.6391487,32,20
393,팔공로51길10,35.9222476,128.6368258,7,5
394,팔공로53길 10,35.9102338,128.6418632,8,5
395,팔공로53길40,35.9184609,128.6370882,6,5
396,팔공로101길55,35.9406605,128.6426179,25,15
397,해동로54,35.8933718,128.6368312,34,20
398,해동로170,35.8870624,128.6476649,19,10
399,해동로174,35.8869385,128.6479176,19,10
400,해동로177,35.8871432,128.6485517,2,5
401,장등로30,35.8701077,128.6238329,43,20
402,장등로36-9,35.8705821,128.624645,17,10
403,장등로42,35.8711536,128.6241157,42,20
404,장등로45,35.8715364,128.6234797,5,5
405,장등로46,35.8714708,128.6241315,3,5
406,장등로56,35.8722077,128.624207,13,10
407,장등로82,35.87495699999999,128.6239783,17,10
408,초례로50,35.8714354,128.601445,4,5
409,초례로66,35.8714354,128.601445,4,5
410,초례로16길3,35.8260564,128.5453311,4,5
411,큰고개로23,35.8862253,128.6241342,35,20
412,큰고개로54,35.8894227,128.6247298,17,10
413,큰고개로60,35.88977879999999,128.6247126,35,20
414,파계로46,35.9393125,128.6395203,23,15
415,파계로71,35.9403564,128.6366005,19,10
416,파계로6길30,35.9395707,128.6407947,13,10
417,파계로6길30,35.9395707,128.6407947,23,15
418,파계로22길7,35.9440993,128.6381623,26,15
419,파계로22길33,35.942086,128.6399904,25,15
420,팔공로260,35.9572618,128.7218139,2,5
421,팔공로274,35.9443913,128.6718766,7,5
422,팔공로322-5,35.9443913,128.6718766,20,15
423,팔공로489,35.9443913,128.6718766,26,15
424,팔공로519,35.9443913,128.6718766,16,10
425,해동로191-2,35.8865032,128.650065,18,10
426,해동로214,35.8850616,128.6518109,14,10
427,해동로220,35.8848257,128.6522619,18,10
428,해동로226,35.8844601,128.6530398,18,10
429,해동로230,35.8926345,128.6418185,5,5
430,해동로235,35.8845347,128.6540604,17,10
431,해동로254,35.8834089,128.6557291,17,10
432,해동로2길37,35.8961613,128.63582,18,10
433,해동로5길18,35.8947541,128.6401144,29,15
434,해동로6길37,35.8966374,128.6342442,25,15
435,해동로7길57,35.894501,128.6402619,20,15
436,해동로7길66,35.8946663,128.6411959,18,10
437,혁신대로443,35.8750034,128.7463646,4,5
438,혁신대로450,35.873782,128.7465376,2,5
439,호반길79,35.8778712,128.6616627,17,10
440,화랑로31,35.8693998,128.6315034,39,20
441,화랑로45,35.8703493,128.6324522,41,20
442,화랑로55,35.8711314,128.6330044,43,20
443,화랑로123,35.8737859,128.6397929,42,20
444,화랑로159,35.87593580000001,128.6429541,40,20
445,화랑로167,35.8762128,128.6435588,41,20
446,화랑로197,35.8776513,128.646585,41,20
447,화랑로407,35.8774573,128.6680382,28,15
448,화랑로451,35.8760531,128.673517,17,10
449,화랑로3길22,35.869667,128.6305654,44,20
450,화랑로11길26,35.8727459,128.6309176,39,20
451,화랑로11길45,35.8736573,128.630525,38,20
452,화랑로11길51,35.8738936,128.6304937,45,20
453,화랑로11길66,35.8744818,128.630742,43,20
454,화랑로11길78,35.8739037,128.6316654,40,20
455,화랑로25길11,35.8751969,128.6402106,41,20
456,화랑로25길17,35.875731,128.6401208,41,20
457,화랑로25길20,35.8758169,128.640921,39,20
458,화랑로25길23,35.8760731,128.6403561,6,5
459,화랑로25길29,35.8765548,128.6404574,40,20
460,화랑로25길35,35.8772454,128.6407631,40,20
461,화랑로25길39,35.8775671,128.6409318,5,5
462,화랑로25길43,35.8777462,128.6411658,40,20
463,화랑로25길55,35.8787223,128.6421726,40,20
464,화랑로25길57,35.8787926,128.6423493,19,10
465,화랑로25길64-2,35.8783842,128.6430393,39,20
466,화랑로29길51,35.8770471,128.6417759,23,15
467,화랑로37길61,35.8796049,128.6441577,41,20
468,화랑로37길89,35.8806672,128.6435406,40,20
469,화랑로73길36,35.8794466,128.6631454,28,15
470,화랑로73길48,35.8801574,128.6618921,40,20
471,화랑로75길6,35.8777721,128.666868,14,10
472,화랑로80길3,35.8759511,128.6687132,23,15
473,화랑로80길8,35.8761299,128.6660569,24,15
474,화랑로80길9,35.8757245,128.6702307,22,15
475,화랑로88길30,35.8748167,128.6701101,23,15
476,화랑로88길48,35.874642,128.667638,18,10
477,화랑로91길7,35.8767619,128.6736127,27,15
478,화랑로91길8,35.8762319,128.6745795,30,0
479,화랑로100길17,35.873334,128.6794109,21,15
480,효동로32,35.8809696,128.6476585,5,5
481,효동로46,35.8816526,128.6465256,25,15
482,효동로108,35.8859966,128.6430465,20,15
483,효동로111,35.8859014,128.641473,40,20
484,효동로15길6,35.88336049999999,128.6429998,42,20
485,효동로15길13,35.8829095,128.6427347,40,20
486,효동로15길25,35.8820036,128.6412267,40,20
487,효동로15길33,35.8820717,128.6404542,40,20
488,효목로46,35.8771518,128.6400547,40,20
489,효목로47,35.87753800000001,128.6398064,4,5
490,효목로52,35.877683,128.6405119,17,10
491,효목로54,35.8777727,128.6407585,6,5
492,효목로54-1,35.8777727,128.6407585,6,5
493,효목로64,35.8783799,128.6411499,40,20
494,효목로66,35.878978,128.6415479,40,20
495,효목로70,35.8792319,128.6417758,39,20
496,효목로111,35.8821186,128.6439887,39,20
497,효목로9길72,35.8783968,128.6352428,32,20
498,효신로17,35.8736148,128.6339865,38,20
499,효신로26,35.87443409999999,128.6348302,40,20
500,효신로45,35.8757926,128.6330846,37,20
501,효신로84-9,35.8789432,128.6316113,35,20
502,효신로8길54,35.8775815,128.6356903,40,20
503,효신로16길27,35.8788786,128.632417,17,10
504,효신로16길31-12,35.8792915,128.6332542,4,5
505,효신로16길80,35.8795659,128.6347194,17,10
506,효신로16길88,35.8796834,128.6349983,17,10
507,효신로16길104,35.88052980000001,128.6351546,18,10
508,효신로16길116,35.8805959,128.6354298,18,10
509,고성로13,35.8880163,128.5702676,39,20
510,고성로22,35.88709190000001,128.5703972,34,20
511,국채보상로34길12,35.8671532,128.5480703,12,10
512,국채보상로34길47,35.8650324,128.5506201,31,20
513,국채보상로34길71,35.8629215,128.5506332,23,15
514,국채보상로36길39,35.8662598,128.5520571,37,20
515,국채보상로36길50,35.8651081,128.5512286,41,20
516,국채보상로36길57,35.8646022,128.5520566,38,20
517,국채보상로38길22,35.8680064,128.5518964,37,20
518,국채보상로38길32,35.8670532,128.5519873,35,20
519,국채보상로38길51,35.8670156,128.5526623,2,5
520,국채보상로42길46,35.8662076,128.5545692,38,20
521,국채보상로46길43-19,35.8669009,128.5574508,39,20
522,국채보상로46길57,35.8653317,128.5572538,37,20
523,국채보상로46길61,35.8650486,128.5578575,32,20
524,국채보상로46길63,35.8649685,128.5570697,40,20
525,국채보상로46길70,35.8665743,128.556848,9,5
526,국채보상로46길70-1,35.8665743,128.556848,9,5
527,국채보상로48길10-8,35.8700794,128.5565816,18,10
528,국채보상로50길20,35.8667567,128.5590166,9,5
529,국채보상로50길42-24,35.8672172,128.5590166,17,10
530,국채보상로50길62,35.8657382,128.5599751,39,20
531,달서로33길13,35.8766989,128.5696051,12,10
532,달서천로41길87,35.8888063,128.5627282,18,10
533,달서천로57길20,35.8864483,128.5654328,38,20
534,달서천로57길41-2,35.8877269,128.5636077,4,5
535,달서천로61길34,35.8870709,128.569501,38,20
536,달서천로76길8,35.8823435,128.5749893,40,20
537,달서천로87길9,35.8811366,128.5787406,31,20
538,당산로206,35.8550062,128.5484384,40,20
539,당산로260,35.8596999,128.5471487,35,20
540,당산로324,35.8644593,128.5472522,35,20
541,당산로47길69,35.8564658,128.5433997,35,20
542,당산로47길69,35.8564658,128.5433997,39,20
543,당산로47길69,35.8564658,128.5433997,38,20
544,당산로51길48,35.8584354,128.5441439,40,20
545,당산로53길62,35.8591453,128.5434291,40,20
546,당산로67길18-7,35.8664098,128.5442505,2,5
547,문화로341,35.8761256,128.5700118,16,10
548,문화로37길6,35.8762044,128.5531438,40,20
549,문화로63길17,35.8775357,128.5678269,19,10
550,문화로67길17-7,35.8774624,128.5688431,17,10
551,문화로67길17-11,35.8774488,128.5686525,17,10
552,문화로69길13,35.8772519,128.5700675,15,10
553,문화로69길13-1,35.8770187,128.5698333,16,10
554,문화로69길13-2,35.8772782,128.5698529,16,10
555,문화로69길13-3,35.8771463,128.5695285,16,10
556,문화로69길13-4,35.8775634,128.5697807,16,10
557,북비산로260,35.8788759,128.5616977,3,5
558,북비산로300,35.8790315,128.566172,5,5
559,북비산로61길34,35.8824953,128.5677062,41,20
560,북비산로71길1,35.8808351,128.5728591,4,5
561,북비산로72길13-7,35.8779735,128.5724283,16,10
562,서대구로25,35.8601255,128.5561456,41,20
563,서대구로42,35.86175679999999,128.5569387,3,5
564,서대구로70-8,35.8641572,128.5569034,9,5
565,서대구로70-10,35.8641495,128.5564162,9,5
566,서대구로77,35.8643945,128.5552829,21,15
567,서대구로147,35.8710728,128.5545942,17,10
568,서대구로152-1,35.8713842,128.5552852,4,5
569,서대구로 328,35.8866882,128.5584788,4,5
570,서대구로329,35.8873137,128.5577112,16,10
571,서대구로351-4,35.8888318,128.5597765,18,10
572,서대구로351-4,35.8888318,128.5597765,18,10
573,서대구로2길29,35.85992830000001,128.5601667,18,10
574,서대구로3길76,35.8583596,128.5483474,39,20
575,서대구로6길16,35.8609021,128.5593055,19,10
576,서대구로8길15,35.8623931,128.5582907,40,20
577,서대구로8길49,35.86238609999999,128.5619257,34,20
578,국채보상로60길51,35.86732629999999,128.5646004,11,10
579,국채보상로67안길23,35.873103,128.5695361,16,10
580,국채보상로71길19,35.8741545,128.5699789,12,10
581,국채보상로71길33,35.8751935,128.5700439,16,10
582,국채보상로76길49,35.867801,128.5720894,18,10
583,달구벌대로1707,35.8571501,128.5524512,36,20
584,달구벌대로337길8,35.8560995,128.5502229,33,20
585,달구벌대로337길29,35.8571827,128.5504562,26,15
586,달구벌대로357길13,35.8607651,128.5593189,19,10
587,달구벌대로361길9,35.8601761,128.5613355,39,20
588,달구벌대로371길45,35.8650933,128.5669907,39,20
589,달구벌대로377안길10,35.863338,128.5682228,32,20
590,달서로34-1,35.8650878,128.5713955,2,5
591,달서로9길36,35.8653959,128.5670405,18,10
592,달서로12길45-8,35.8693454,128.5752032,17,10
593,달서로12길57-13,35.86975109999999,128.5753822,17,10
594,달서로17길17,35.870412,128.5690917,15,10
595,달서로20길2,35.8709364,128.5715892,17,10
596,달서로25길24,35.8743583,128.5688342,17,10
597,달서로33길2,35.8769564,128.5708107,18,10
598,달서로33길5,35.8766723,128.5706603,18,10
599,달서로33길6,35.8769567,128.570546,18,10
600,달서로33길8,35.8770154,128.5703316,18,10
601,통학로52길68,35.8837611,128.5702958,16,10
602,평리로172,35.8594636,128.5429972,17,10
603,평리로214,35.8607982,128.5468362,39,20
604,평리로305,35.8631964,128.5547689,6,5
605,평리로307,35.8639684,128.5569896,6,5
606,평리로215,35.8620171,128.547158,37,20
607,평리로221,35.8632306,128.547483,39,20
608,평리로236,35.860811,128.5489633,37,20
609,평리로318,35.86382590000001,128.55818,19,10
610,평리로320,35.86387879999999,128.5584129,19,10
611,평리로376,35.8655807,128.5641728,17,10
612,평리로43길36,35.8732224,128.5536465,40,20
613,평리로57길15,35.8648007,128.554174,39,20
614,평리로62길34,35.8606896,128.5575335,17,10
615,서대구로10길63,35.8649014,128.56294,18,10
616,서대구로10길65,35.8649841,128.5631997,18,10
617,서대구로15길31,35.8634914,128.5529314,39,20
618,서대구로18길9,35.865778,128.557031,34,20
619,서대구로25길11,35.8693161,128.5530472,4,5
620,서대구로63길28-16,35.8888337,128.5578238,19,10
621,서대구로63길28-20,35.8889316,128.5580892,19,10
622,서대구로63안길 19,35.8858739,128.5552545,4,5
623,염색공단로116,35.8850705,128.5437003,32,20
624,염색공단로11길35,35.8849012,128.5537348,37,20
625,원대로21-8,35.8797395,128.5794968,17,10
626,원대로25,35.8796833,128.5797611,17,10
627,원대로13길2,35.883136,128.5807288,23,15
628,큰장로19길12,35.8680419,128.5763798,15,10
629,통학로39,35.86410559999999,128.5635146,32,20
630,통학로46,35.8645672,128.5648378,32,20
631,통학로55-9,35.8650317,128.5634271,19,10
632,통학로18길38,35.86843959999999,128.5674276,19,10
633,통학로18길44,35.8683402,128.5660159,19,10
634,통학로22길18,35.8683402,128.5660159,17,10
635,통학로24길60,35.8711637,128.5700272,25,15
636,통학로28길 5-47,35.8735107,128.563352,2,5
637,통학로52길64,35.8838417,128.5700295,15,10
638,관문시장1길18,35.8368317,128.5586705,17,10
639,대경길125,35.8476565,128.5753761,4,5
640,대경길222,35.8465748,128.5772075,29,15
641,대덕로146,35.8406379,128.5987433,16,10
642,대덕로150,35.8406237,128.5994339,41,20
643,대명길258,35.839291,128.565469,37,20
644,대명남1길6,35.9021687,128.849098,19,10
645,대명남1길35,35.9021687,128.849098,4,5
646,대명남2길 19,35.9021687,128.849098,5,5
647,대명로37,35.8390022,128.5615504,37,20
648,대명로41,35.8398592,128.5381599,3,5
649,대명로51,35.8392413,128.5630277,42,20
650,대명로83,35.8398425,128.5670556,4,5
651,대명로117,35.8402096,128.570047,40,20
652,대명로140,35.8389819,128.5729251,4,5
653,대명로145,35.8396648,128.5737281,41,20
654,대명로177,35.8394338,128.5771734,41,20
655,대명로10길6,35.8378062,128.5628913,39,20
656,대명로49길12,35.8425975,128.5831286,39,20
657,대명로53길33,35.8445831,128.5855476,19,10
658,대명복개로192,35.9021687,128.849098,38,20
659,대명복개로230,35.9021687,128.849098,38,20
660,대명복개로3길32,35.9021687,128.849098,37,20
661,대명복개로4길 104,35.9021687,128.849098,5,5
662,대명복개로4길127,35.9021687,128.849098,39,20
663,대명서로17,35.8291449,128.5610648,40,20
664,대명역2길41,35.8376345,128.5622171,37,20
665,대명역2길75,35.8373484,128.5605647,12,10
666,대봉로42,35.8424878,128.6044393,40,20
667,대봉로146,35.8516434,128.603705,39,20
668,대봉로26길37,35.8506103,128.6060774,14,10
669,대봉로26길38,35.8493514,128.6056726,14,10
670,도촌길138,35.8407463,128.565188,14,10
671,두류공원로72,35.8438108,128.5705233,40,20
672,두류공원로83,35.8440658,128.5692134,18,10
673,두류공원로88,35.8447492,128.5699334,37,20
674,두류공원로17길39,35.844331,128.5678326,38,20
675,명덕로236,35.8547963,128.5953921,33,20
676,명덕로20길12,35.856938,128.579684,40,20
677,명덕로20길34,35.8561216,128.5792762,6,5
678,명덕로64길20,35.8539391,128.6047709,13,10
679,명덕로68길17,35.8540643,128.606582,26,15
680,명덕로68길77,35.8521189,128.6062993,21,15
681,명덕시장길96,35.8450706,128.5883364,18,10
682,봉덕로49,35.845274,128.5960793,8,5
683,봉덕로134,35.8438677,128.605321,12,10
684,양지남길57,35.8506791,128.5767135,19,10
685,이천로144,35.8539942,128.5988194,5,5
686,이천로6길57,35.8430826,128.6015612,41,20
687,이천로19길68,35.8509216,128.5959267,14,10
688,이천로19길81,35.8499304,128.5964147,3,5
689,자유1길86,35.8373241,128.5830912,40,20
690,중앙대로114,35.8433721,128.5910017,4,5
691,중앙대로22길70,35.8425333,128.594033,36,20
692,중앙대로31길28,35.847341,128.5890838,32,20
693,중앙대로31길79,35.8486778,128.5864656,37,20
694,중앙대로34길45,35.8485932,128.5937826,39,20
695,중앙대로46길29,35.8521587,128.5928969,16,10
696,중앙대로46길43,35.8522303,128.59373,44,20
697,중앙대로47길35,35.8540199,128.5885099,41,20
698,큰골길198,35.8343103,128.5860145,22,15
699,현충로107,35.8424956,128.5796155,14,10
700,현충로127,35.8442246,128.5797465,13,10
701,현충로133,35.8448015,128.579733,17,10
702,현충로190,35.8496846,128.5812708,43,20
703,현충로202,35.8505562,128.5816348,4,5
704,현충로245,35.85438389999999,128.5827975,3,5
705,현충로23길88,35.8430703,128.5749958,13,10
706,현충로25길55,35.8442899,128.5766684,39,20
707,봉덕로135,35.844966,128.5973705,8,5
708,봉덕로1길145,35.8510064,128.5926116,31,20
709,봉덕로6길10-16,35.8448017,128.5920816,18,10
710,봉덕로6길16,35.8444602,128.5924145,40,20
711,봉덕로6길31,35.843712,128.5924444,19,10
712,봉덕로11길14-4,35.8455285,128.596193,16,10
713,봉덕로21길53-16,35.8469497,128.5996875,2,5
714,봉덕초등길3,35.8383004,128.5984623,16,10
715,삼정2길99,35.8355541,128.595908,36,20
716,삼정4길93-5,35.8359147,128.5948149,16,10
717,성당로64,35.8426522,128.5620013,40,20
718,성당로138,35.8472677,128.5677971,4,5
719,성당로142,35.8475014,128.5683146,15,10
720,성당로240,35.8541707,128.5742954,17,10
721,성당로28길17,35.8469754,128.5688168,43,20
722,신촌길94,35.8385097,128.6020783,2,5
723,안지랑로73,35.8380567,128.5757544,2,5
724,안지랑로74,35.8380349,128.5717095,2,5
725,앞산순환로337,35.8302266,128.5637376,37,20
726,앞산순환로655,35.8339913,128.5951603,29,15
727,앞산순환로659,35.8337281,128.597351,30,0
728,앞산순환로675,35.8339375,128.5994611,37,20
729,앞산순환로721,35.834589,128.6030965,26,15
730,양지남길28,35.8504328,128.5750733,18,10
731,현충로25길71,35.8442232,128.5757159,40,20
732,현충로26길64,35.8437958,128.5836112,41,20
733,현충로26길67,35.8443037,128.5837024,23,15
734,현충로27길20,35.8452244,128.5789523,5,5
735,현충로29길29,35.8456805,128.5787486,38,20
736,현충로31길48,35.8470871,128.5773329,40,20
737,현충서길29,35.84518449999999,128.5776922,28,15
738,효동길54,35.8380218,128.5995538,39,20
739,효성2길7,35.8366018,128.6001059,25,15
740,효성중앙길2,35.8352097,128.6006506,31,20
741,효성중앙길37,35.8373137,128.6025637,32,20
742,효성중앙길81,35.8370519,128.604625,10,10
743,효성중앙길166,35.8358992,128.6026446,12,10
744,희망로57,35.8481189,128.6050378,18,10
745,희망로5길12,35.848538,128.6018128,14,10
746, 검단로 28,35.8997646,128.6164917,22,15
747, 검단로34,35.9006787,128.6168111,24,15
748, 검단로50,35.9025217,128.617201,24,15
749, 검단로 64,35.9033748,128.6172774,24,15
750, 검단로 115,35.9077776,128.6199173,28,15
751, 검단로116-10,35.9061806,128.6204245,20,15
752, 검단로 255,35.915797,128.6288427,29,15
753, 경대로5길 25,35.8844596,128.6111631,26,15
754, 경대로7길 60,35.8861481,128.6079098,28,15
755, 경대로27길 7,35.8920293,128.6200482,17,10
756, 경대로27길17,35.8928049,128.6188978,39,20
757, 경대로27길17,35.8928049,128.6188978,39,20
758, 경대로27길20,35.8929713,128.6193167,19,10
759, 경대로27길40,35.8941639,128.6177165,17,10
760, 경진로 22,35.8948076,128.6148725,20,15
761, 경진로27,35.89451469999999,128.6157509,18,10
762, 경진로29,35.8943767,128.6159381,18,10
763, 경진로31,35.8942387,128.6161243,18,10
764, 경진로51,35.8930158,128.6175049,5,5
765, 경진로67,35.892077,128.6188335,17,10
766, 경진로75-13,35.8919251,128.6198015,17,10
767, 경진로 79,35.8913777,128.6198648,40,20
768, 경진로1길77,35.8928183,128.6201496,6,5
769, 경진로남1길 20,35.8947439,128.6156829,18,10
770, 경진로남1길 33,35.89385499999999,128.6174782,37,20
771, 고성로34길 53,35.880004,128.5862932,17,10
772, 고성북로 3,35.8804508,128.5818909,27,15
773, 고성북로 28-25,35.8822671,128.5848336,39,20
774, 고성북로 36,35.8828421,128.5841002,40,20
775, 고성북로 43-25,35.8837121,128.5825748,39,20
776, 공평로 135,35.8761622,128.6009707,41,20
777, 공평로 183-1,35.8807054,128.6003017,38,20
778, 공항로31,35.8986563,128.6185379,39,20
779, 공항로84,35.8993046,128.6242413,23,15
780, 공항로5길6,35.8991917,128.6183593,41,20
781, 공항로15길8,35.9007073,128.6238447,22,15
782, 관음동로110,35.9428204,128.5478374,28,15
783, 관음동로 128,35.9443264,128.5480595,28,15
784, 관음로18,35.9315905,128.5399858,25,15
785, 관음로 24,35.9322923,128.5412617,27,15
786, 관음로 50,35.9347508,128.5419368,28,15
787, 관음로295,35.9415586,128.5419881,2,5
788, 관음중앙로 6,35.93451100000001,128.5451169,28,15
789, 관음중앙로 37,35.9371166,128.5437439,33,20
790, 구리로26,35.9457803,128.557439,21,15
791, 구리로 183-28,35.9492122,128.572434,25,15
792, 내곡로49,35.86831340000001,128.7109528,3,5
793, 내곡로69,35.90937,128.7493263,4,5
794, 내곡로70,35.9002554,128.5105407,2,5
795, 내곡로89,35.90937,128.7493263,5,5
796, 노원로10길40,35.8915116,128.5719552,3,5
797, 노원로10길 71,35.8917082,128.5713774,40,20
798, 노원로10길 99,35.8913139,128.5727912,18,10
799, 노원로10길 105,35.8912225,128.5732447,19,10
800, 대구체육관로12,35.8907587,128.60173,24,15
801, 대구체육관로4길 2,35.8905837,128.6022969,21,15
802, 대불로5길16,35.9024264,128.6122118,38,20
803, 대불로5길 21,35.901479,128.6122344,34,20
804, 대불로5길 22,35.9022315,128.6113695,35,20
805, 대천로 100,35.9351608,128.5606006,17,10
806, 대천로 101,35.9378168,128.5612001,21,15
807, 대천로 132,35.9354649,128.5634066,17,10
808, 대천로7길 26,35.9399303,128.5540463,27,15
809, 대천로7길40,35.9411571,128.5553871,27,15
810, 대천로9길15,35.9388366,128.554717,39,20
811, 대현남로 25,35.8816289,128.6052294,10,10
812, 대현남로28,35.8801574,128.6062205,14,10
813, 대현남로6길20,35.88089009999999,128.6092145,4,5
814, 대현남로10길 15,35.882161,128.6089005,17,10
815, 대현로 64,35.8835838,128.6063075,41,20
816, 대현로 106,35.8820089,128.6106337,17,10
817, 대현로10길 82,35.8813908,128.6036461,12,10
818, 대현로17길 7,35.8833867,128.6089242,41,20
819, 대현로21길 20,35.8840278,128.6113635,28,15
820, 동변로 24,35.9154377,128.6024132,17,10
821, 동변로 50,35.9173994,128.6048458,17,10
822, 동변로 55,35.9179295,128.6024798,18,10
823, 동북로131,35.9016345,128.6080747,11,10
824, 동북로163,35.9004363,128.6111596,21,15
825, 동북로345,35.8990668,128.6076915,7,5
826, 동북로37길14-19,35.8995606,128.6146235,35,20
827, 동북로37길58-16,35.9030327,128.6122718,33,20
828, 동북로37길58-17,35.9031672,128.6111795,34,20
829, 동북로37길 13-10,35.9003324,128.6131506,39,20
830, 동북로49길10,35.8953392,128.6196354,38,20
831, 동북로50길 10,35.895073,128.6167211,40,20
832, 동북로50길 11,35.8942573,128.6170826,41,20
833, 동북로50길14,35.8947558,128.6163642,39,20
834, 동북로50길17,35.893861,128.6166619,40,20
835, 동북로61길 15,35.8934398,128.6245763,37,20
836, 동북로65길 13,35.8930789,128.6258617,40,20
837, 동암로7길 39,35.9493598,128.5557992,25,15
838, 동천로 6,35.9321181,128.5590265,25,15
839, 동천로97,35.9409253,128.5592946,16,10
840, 동천로 155,35.9454523,128.5603186,16,10
841, 동천로 156,35.9452623,128.5625883,18,10
842, 동천로24길 12,35.9407179,128.5616484,17,10
843, 매전로 17,35.9096237,128.5434051,10,10
844, 매전로73,35.9116768,128.5454012,12,10
845, 매천로220,35.9168485,128.5430201,28,15
846, 매천로2길19,35.8983874,128.5433249,21,15
847, 매천로2길 19-4,35.8975047,128.5447689,18,10
848, 매전로4길 9,35.9073591,128.5449018,12,10
849, 매천로8길 35,35.9001538,128.5463347,24,15
850, 복현로 37,35.8957853,128.6239955,38,20
851, 복현로50,35.8966921,128.6248467,9,5
852, 복현로 71,35.8975605,128.6231996,9,5
853, 복현로104-11,35.9007163,128.6207075,38,20
854, 복현로105,35.8994193,128.6203551,14,10
855, 복현로 114-18,35.9018691,128.6207099,31,20
856, 복현로115,35.8998485,128.6185849,28,15
857, 복현로130,35.898429,128.6216579,4,5
858, 복현로 137,35.9014969,128.6170158,24,15
859, 복현로173,35.9050563,128.6184072,21,15
860, 복현로20길35-22,35.9026433,128.6208776,29,15
861, 복현로20길 38,35.9026455,128.6218437,19,10
862, 복현로20길40,35.9031375,128.6220469,19,10
863, 복현로20길81,35.9066535,128.621176,35,20
864, 복현로20길86-1,35.9069387,128.6217908,17,10
865, 복현로20길87,35.90708660000001,128.6210896,39,20
866, 서변로26,35.9178282,128.5978619,15,10
867, 서변로 50,35.9200934,128.5974645,17,10
868, 서변로72,35.9221091,128.5975683,17,10
869, 서변로88,35.9236508,128.5976497,17,10
870, 서변로106,35.9250619,128.5977158,15,10
871, 서변로 120,35.9265474,128.5977003,17,10
872, 성북로 8,35.8898353,128.5846743,28,15
873, 성북로 50,35.8910702,128.5892591,28,15
874, 성북로70,35.8920822,128.5911308,3,5
875, 성북로9길12,35.8925585,128.5878973,7,5
876, 신천동로 732,35.8848804,128.6026203,19,10
877, 신천동로732-1,35.8850481,128.6026105,18,10
878, 신천동로 936,35.899765,128.5938832,31,20
879, 연암공원로10길6-1,35.8941948,128.5991518,28,15
880, 연암공원로10길11,35.8945995,128.6003412,7,5
881, 연암공원로14길 40,35.8963473,128.6041672,40,20
882, 연암로 46,35.89102099999999,128.5984822,44,20
883, 연암로183,35.9003319,128.5951469,29,15
884, 연암로25길11,35.8957143,128.5935439,38,20
885, 연암로31길 19,35.89842220000001,128.5938521,23,15
886, 구리로 250,35.9491049,128.5786373,21,15
887, 구리로 254,35.9477714,128.5783649,19,10
888, 구암로12,35.93328169999999,128.5417117,27,15
889, 구암로 17,35.9354217,128.5432569,27,15
890, 구암로 170,35.9307246,128.5588371,25,15
891, 구암로 180,35.9304753,128.5603237,25,15
892, 구암로15길38,35.9369227,128.5506927,33,20
893, 구암로16길 7,35.931416,128.5496438,27,15
894, 구암로21길6,35.9329651,128.5532441,27,15
895, 구암로21길 26,35.9345594,128.5532519,38,20
896, 구암로21길 38,35.9356902,128.5537219,27,15
897, 구암로32길 14,35.9306626,128.5568718,24,15
898, 구암로32길 15,35.9296008,128.5580468,19,10
899, 구암로32길 22,35.9298437,128.5567841,24,15
900, 구암로49길 10,35.934181,128.5652328,17,10
901, 구암로49길24,35.9341198,128.5632818,18,10
902, 구암로65길 9,35.93978329999999,128.5675736,17,10
903, 구암서로 7,35.937434,128.5642241,18,10
904, 구암서로 22,35.9375289,128.5662885,19,10
905, 구암서로 41,35.9403262,128.564637,20,15
906, 구암서로 70,35.9423451,128.5671219,19,10
907, 내곡로15,35.8843994,128.6083784,4,5
908, 영송로63,35.9313116,128.5428819,25,15
909, 영송로85,35.9326712,128.5435827,27,15
910, 오봉로 15,35.8892662,128.576168,17,10
911, 오봉로 36-14,35.8904843,128.578154,18,10
912, 오봉로 39,35.8916138,128.5767954,22,15
913, 오봉로3길 47,35.8896582,128.5737296,21,15
914, 오봉로6길 15,35.8901079,128.5786264,17,10
915, 옥산로 70,35.8844889,128.5829626,39,20
916, 옥산로103,35.8846093,128.5871169,15,10
917, 옥산로17길50,35.8886456,128.5866948,27,15
918, 원대로 125,35.8886476,128.5825966,17,10
919, 유통단지로3길7,35.9054328,128.603556,22,15
920, 작원길25,35.8995967,128.5489297,18,10
921, 중앙대로 491,35.8770008,128.5943566,39,20
922, 중앙대로540,35.8841059,128.5971067,6,5
923, 중앙대로570,35.8834573,128.5977419,15,10
924, 중앙대로 590,35.8850605,128.597971,42,20
925, 중앙대로 591,35.8859077,128.5961654,14,10
926, 중앙대로105길 17,35.880379,128.5943409,20,15
927, 중앙대로105길 22,35.8808307,128.5935989,22,15
928, 중앙대로118길 14,35.8844584,128.5977882,16,10
929, 중앙대로118길33,35.8841138,128.599118,36,20
930, 중앙대로118길 46,35.8830208,128.5986933,41,20
931, 칠곡중앙대로45,35.9011272,128.5461386,24,15
932, 칠곡중앙대로 312,35.9238378,128.5478705,13,10
933, 칠곡중앙대로105길 8,35.9431349,128.5496252,36,20
934, 칠곡중앙대로115길 24,35.9479046,128.5492414,22,15
935, 칠곡중앙대로118길 23,35.947602,128.5542791,33,20
936, 칠곡중앙대로125길 7,35.9506219,128.5518364,10,10
937, 칠곡중앙대로126길 7-12,35.9512537,128.5551585,23,15
938, 칠성남로 54,35.8791807,128.5863669,17,10
939, 칠성남로101,35.8783265,128.5917143,9,5
940, 칠성남로167,35.8773027,128.5987311,25,15
941, 칠성남로26길6,35.8774662,128.593751,18,10
942, 칠성남로26길13,35.8770805,128.5931944,46,20
943, 칠성남로26길16,35.8776217,128.5929293,18,10
944, 칠성남로28길 3,35.8796138,128.5833101,5,5
945, 칠성남로30길46,35.8758775,128.599685,40,20
946, 칠성남로30길 48,35.8758046,128.6000089,38,20
947, 칠성남로36길11-12,35.8754948,128.5999568,40,20
948, 칠성남로36길11-16,35.8753884,128.6003292,42,20
949, 칠성로 73,35.879416,128.5973361,38,20
950, 칠성시장로 87-21,35.8817577,128.6000405,39,20
951, 칠성시장로7길17-18,35.8755348,128.6025983,49,20
952, 침산남로80,35.8893211,128.5840337,15,10
953, 침산남로90,35.8889581,128.5854687,17,10
954, 침산남로 116,35.8884062,128.5877275,23,15
955, 침산남로 130,35.8881798,128.5896121,16,10
956, 침산남로160,35.887223,128.5930175,15,10
957, 칠성남로 176,35.8783265,128.5917143,3,5
958, 침산남로215,35.8879351,128.5882472,6,5
959, 침산남로7길50-21,35.8936639,128.5795108,23,15
960, 침산남로9길127,35.8981173,128.5847009,17,10
961, 침산남로9길167,35.8995452,128.5867043,23,15
962, 침산남로19길 8,35.88964790000001,128.5876137,24,15
963, 침산남로19길9,35.8900928,128.5862048,25,15
964, 칠성남로26길11,35.8775029,128.5923972,3,5
965, 침산남로31길11,35.8889443,128.5926803,24,15
966, 침산남로32길16-1,35.8865773,128.5919893,17,10
967, 침산남로37길5,35.8879331,128.595413,22,15
968, 침산남로37길 24,35.8891691,128.5953436,21,15
969, 침산남로37길31,35.8896981,128.5932556,4,5
970, 침산남로44길8,35.8862894,128.5991477,44,20
971, 침산로100,35.8902141,128.5904713,3,5
972, 침산로116-1,35.8865868,128.5917091,16,10
973, 침산로153,35.8893813,128.5901516,14,10
974, 침산로158,35.8904512,128.5912361,18,10
975, 침산로163,35.8905838,128.5888324,24,15
976, 침산로21길23,35.8856733,128.5877583,15,10
977, 침산로21길24,35.8871214,128.5879993,21,15
978, 침산로21길 10,35.8867794,128.5895652,21,15
979, 침산로21길36,35.8874037,128.586484,22,15
980, 침산로22길 5,35.88611880000001,128.5915672,18,10
981, 침산로22길 31,35.8858081,128.5938975,14,10
982, 침산로32길 2,35.8898412,128.5913767,16,10
983, 침산로52길9,35.8988481,128.5900966,16,10
984, 침산로52길 13,35.8988971,128.5907528,17,10
985, 침산로54길16,35.8993761,128.5908616,17,10
986, 태암남로60,35.9231352,128.5524839,3,5
987, 태전로1,35.92045299999999,128.5459856,4,5
988, 태전로51,35.9246109,128.5433569,31,20
989, 태전로1길10,35.9207296,128.5448107,17,10
990, 태전로1길21,35.9199346,128.5440208,25,15
991, 태전로3길 24,35.9219217,128.5426836,12,10
992, 태전로7길10-17,35.9234989,128.5429204,28,15
993, 태전로7길 13,35.9223866,128.5435389,23,15
994, 태전로13길 22,35.9239481,128.5416492,26,15
995, 태전로15길7-17,35.926014,128.5420079,42,20
996, 팔거천동로 52,35.9289195,128.5547242,25,15
997, 팔거천동로 70,35.9304247,128.5551004,25,15
998, 팔거천동로104,35.9331644,128.5571011,25,15
999, 팔거천동로24길 40,35.9325291,128.5607648,24,15
1000, 팔거천서로 181,35.9401993,128.5559102,27,15
1001, 팔달로35길 69,35.8919314,128.5701317,18,10
1002, 팔달로37길14-6,35.8889092,128.571468,41,20
1003, 팔달로37길 18,35.8893114,128.571431,41,20
1004, 팔달로37길 32,35.8899423,128.5718188,39,20
1005, 팔달로41길 49,35.8903144,128.5733633,41,20
1006, 팔달로41길 52,35.8903821,128.5738955,24,15
1007, 팔달로45길 30,35.8890709,128.5757335,17,10
1008, 팔달로45길 36,35.8893607,128.5758187,17,10
1009, 학남로 10,35.9476066,128.5658616,13,10
1010, 학남로60,35.9473649,128.5693248,13,10
1011, 학정동로 7,35.9448471,128.5655958,18,10
1012, 학정동로 10,35.9447972,128.5681614,18,10
1013, 학정동로40,35.94714829999999,128.5680508,13,10
1014, 학정로17-26,35.91457279999999,128.5444051,3,5
1015, 학정로126,35.9182536,128.5515317,22,15
1016, 학정로 271,35.9290992,128.559495,25,15
1017, 학정로7길3,35.9141,128.5457081,26,15
1018, 학정로13길 16,35.915296,128.5498613,27,15
1019, 학정로13길24,35.9159234,128.5496385,20,15
1020, 학정로110길 29,35.9535332,128.5672706,13,10
1021, 한강로17,35.8714354,128.601445,4,5
1022, 한강로55,35.8837143,128.6074138,6,5
1023, 호국로57길20,35.9284222,128.5967725,17,10
1024, 호암로 20,35.8819866,128.5922375,24,15
1025, 호암로 40,35.8816405,128.5944278,25,15
1026,고모로33길100,35.8485429,128.6732622,32,20
1027,고산로30,35.8335237,128.7046471,26,15
1028,고산로50,35.8351492,128.7051939,26,15
1029,고산로70,35.8366673,128.7051387,25,15
1030,고산로90,35.8382794,128.705205,26,15
1031,고산로123,35.84274,128.7045814,25,15
1032,고산로162,35.8457335,128.7076201,14,10
1033,고산로12길34,35.8336099,128.7059263,26,15
1034,공경로70,35.8740034,128.6432774,18,10
1035,교학로3,35.8543141,128.6533206,34,20
1036,교학로13,35.853464,128.6530125,4,5
1037,교학로111,35.8473883,128.650184,30,0
1038,교학로7길77,35.8505447,128.6564825,14,10
1039,교학로11길43,35.8506008,128.6551146,35,20
1040,교학로11길46,35.8493739,128.65482,23,15
1041,교학로11길91,35.850346,128.6575547,24,15
1042,국채보상로846,35.8667771,128.6231933,24,15
1043,노원공원로22,35.8714354,128.601445,24,15
1044,노원공원로34,35.8714354,128.601445,24,15
1045,노변공원로61,35.8366187,128.698176,21,15
1046,노변공원로67,35.836021,128.6980479,18,10
1047,노변공원로95,35.8339111,128.6984976,17,10
1048,노변로11,35.8328307,128.699222,21,15
1049,노변로55,35.8363826,128.6994092,13,10
1050,노변로89,35.83952130000001,128.6999769,17,10
1051,달구벌대로2260,35.8604873,128.6095629,15,10
1052,달구벌대로2275-12,35.8610737,128.6115947,39,20
1053,달구벌대로2301,35.8602055,128.6148134,41,20
1054,달구벌대로2315,35.8600885,128.6158311,12,10
1055,달구벌대로2317,35.8607828,128.6161354,24,15
1056,달구벌대로2357,35.8599661,128.620889,40,20
1057,달구벌대로2367,35.8597581,128.6218916,44,20
1058,달구벌대로2430,35.8584859,128.6285514,41,20
1059,달구벌대로2435,35.8600633,128.6290511,11,10
1060,달구벌대로2494,35.8585303,128.6355293,41,20
1061,달구벌대로2570,35.8583988,128.6441555,12,10
1062,달구벌대로2583,35.8592618,128.645407,13,10
1063,달구벌대로2680,35.85439119999999,128.6540674,17,10
1064,달구벌대로2690,35.8539925,128.6549454,14,10
1065,달구벌대로2690,35.8539925,128.6549454,14,10
1066,달구벌대로3054,35.8425287,128.6911465,12,10
1067,달구벌대로3081,35.8437285,128.6944137,27,15
1068,달구벌대로3110,35.8418552,128.6968138,12,10
1069,달구벌대로3280-1,35.8354916,128.7145046,12,10
1070,달구벌대로3233,35.8391723,128.7107508,14,10
1071,달구벌대로3280,35.8365274,128.7147906,12,10
1072,달구벌대로3304,35.8359005,128.7166844,14,10
1073,달구벌대로3304-1,35.835106,128.7162965,14,10
1074,달구벌대로3304-2,35.8347049,128.7144953,14,10
1075,달구벌대로3308,35.834326,128.7175745,11,10
1076,달구벌대로3310,35.8357343,128.7177931,14,10
1077,달구벌대로69길20-20,35.8522032,128.6524596,2,5
1078,달구벌대로454길9,35.8593845,128.6100261,16,10
1079,달구벌대로456길19,35.8587273,128.611818,23,15
1080,달구벌대로456길43,35.8575638,128.611622,20,15
1081,달구벌대로458길17,35.8588494,128.6131576,15,10
1082,달구벌대로471길10,35.8610302,128.621648,39,20
1083,달구벌대로488길42,35.855091,128.6290063,38,20
1084,달구벌대로492길12,35.8576823,128.63124,36,20
1085,달구벌대로492길20,35.8568625,128.6325278,17,10
1086,달구벌대로496길36,35.8552574,128.6337052,19,10
1087,달구벌대로496길72,35.8523335,128.6347271,27,15
1088,달구벌대로496길88,35.8508699,128.6350387,33,20
1089,달구벌대로504길39,35.8553416,128.6387456,40,20
1090,달구벌대로522길17,35.8569608,128.6479205,4,5
1091,달구벌대로522길33,35.8558416,128.6476999,13,10
1092,달구벌대로530길88,35.8524356,128.6510267,30,0
1093,달구벌대로530길88,35.8524356,128.6510267,37,20
1094,달구벌대로622길11,35.8413266,128.6976649,36,20
1095,달구벌대로625길21,35.8442169,128.7003204,28,15
1096,달구벌대로637길10,35.8416405,128.7070225,21,15
1097,달구벌대로637길21,35.8426878,128.7065691,25,15
1098,달구벌대로637길22-1,35.842381,128.7075549,17,10
1099,달구벌대로637길22-3,35.8422343,128.7078204,16,10
1100,달구벌대로641길8,35.8410541,128.7086489,21,15
1101,달구벌대로641길31,35.8431127,128.7080296,14,10
1102,달구벌대로645길13,35.84046379999999,128.7094064,15,10
1103,달구벌대로645길22,35.8413566,128.7111423,21,15
1104,달구벌대로647길16,35.8397601,128.7114955,19,10
1105,달구벌대로647길16,35.8397601,128.7114955,20,15
1106,달구벌대로649길22,35.8401705,128.7129637,17,10
1107,달구벌대로650길29,35.8358479,128.7103637,24,15
1108,달구벌대로651길23,35.8393384,128.7139104,23,15
1109,달구벌대로651길33,35.8407862,128.7137053,23,15
1110,달구벌대로661길7,35.8373751,128.7187908,14,10
1111,달구벌대로669길20,35.838593,128.7223129,7,5
1112,달구벌대로669길50,35.837672,128.7227827,7,5
1113,달구벌대로669길70,35.8387169,128.7221303,16,10
1114,달구벌대로669길80,35.8393899,128.7220257,13,10
1115,동대구로59,35.8365862,128.6229173,13,10
1116,동대구로95,35.83871,128.6230423,10,10
1117,동대구로149,35.8436924,128.6239271,16,10
1118, 칠곡중앙대로 454,35.9373264,128.549729,28,15
1119, 칠곡중앙대로 512-1,35.941128,128.5509391,40,20
1120, 칠곡중앙대로 598,35.9488216,128.5536716,11,10
1121, 칠곡중앙대로 605-16,35.9499414,128.5508562,24,15
1122, 칠곡중앙대로46길 15,35.9177719,128.5492613,22,15
1123, 칠곡중앙대로46길 25,35.9188944,128.5492004,30,0
1124, 칠곡중앙대로51길6,35.9182874,128.5455153,28,15
1125, 칠곡중앙대로51길50,35.917897,128.5452777,5,5
1126, 칠곡중앙대로52길 20,35.9201938,128.5490454,26,15
1127, 칠곡중앙대로52길 46,35.9225887,128.5496149,27,15
1128, 칠곡중앙대로53길20,35.9189044,128.5444181,17,10
1129, 칠곡중앙대로53길 29,35.9182766,128.5439307,27,15
1130, 칠곡중앙대로53길 32,35.9189168,128.5428814,22,15
1131, 칠곡중앙대로53길 35,35.9182078,128.5430028,30,0
1132, 칠곡중앙대로53길 35-1,35.917985,128.5430501,30,0
1133, 칠곡중앙대로54길 59,35.9250097,128.5488227,17,10
1134, 칠곡중앙대로54길 61,35.9250667,128.5485671,17,10
1135, 칠곡중앙대로91길 5,35.93588,128.5479136,25,15
1136, 칠곡중앙대로91길 58,35.9377795,128.542465,28,15
1137, 칠곡중앙대로95길 11,35.9379065,128.5480418,17,10
1138, 칠곡중앙대로95길 12,35.939658,128.5483808,20,15
1139,동원로135,35.8700747,128.6347799,17,10
1140,동원로28길42,35.8721218,128.6381572,16,10
1141,들안로300,35.8561712,128.618158,11,10
1142,들안로325,35.8590018,128.6168369,9,5
1143,들안로360,35.8623227,128.619035,12,10
1144,들안로60길7,35.85801379999999,128.6184491,11,10
1145,들안로60길17,35.8579046,128.6196894,11,10
1146,들안로60길27,35.8571154,128.6206752,18,10
1147,들안로67길8,35.8604437,128.6172278,17,10
1148,들안로67길10,35.8606243,128.6169868,17,10
1149,들안로77길30,35.8652792,128.617417,13,10
1150,들안로78길45,35.8658902,128.6204081,5,5
1151,만촌로5,35.859961,128.6457814,17,10
1152,명덕로368,35.8544395,128.6102694,25,15
1153,명덕로477,35.8547337,128.6219764,11,10
1154,명덕로73길40,35.8566157,128.6112571,14,10
1155,무열로47,35.86302680000001,128.648054,16,10
1156,무학로189,35.8313644,128.6300885,31,20
1157,범안로40,35.816846,128.6416674,28,15
1158,범안로79,35.82002670000001,128.6458761,28,15
1159,범안로8길35,35.8156301,128.6418313,27,15
1160,범어로27,35.8517652,128.6358396,38,20
1161,범어로45,35.8532819,128.6353823,35,20
1162,범어로46,35.8534243,128.6362182,32,20
1163,범어로75,35.8562269,128.634788,11,10
1164,범어천로23-14,35.8492931,128.622369,17,10
1165,범어천로23-18,35.8493124,128.6221201,16,10
1166,범어천로27-10,35.8496268,128.6225,16,10
1167,범어천로107,35.8568502,128.6221103,10,10
1168,범어천로126,35.8579215,128.6230542,15,10
1169,범어천로180,35.86287859999999,128.6222083,14,10
1170,범어천로190,35.863927,128.6218257,12,10
1171,범어천로197,35.8625763,128.6210566,13,10
1172,범어천로200,35.8643893,128.6204507,12,10
1173,상록로41,35.8634553,128.623278,14,10
1174,상록로69,35.8654613,128.6224721,12,10
1175,상록로11길35,35.864246,128.6228801,41,20
1176,상록수로11길5,35.8506438,128.6523583,41,20
1177,상화로7,35.8348468,128.6081038,39,20
1178,상화로5길57,35.8371657,128.6092007,22,15
1179,수성로71,35.8312952,128.609427,11,10
1180,수성로135,35.8380516,128.6108302,17,10
1181,수성로155,35.8393937,128.611881,17,10
1182,수성로165,35.8403669,128.6117578,40,20
1183,수성로291,35.8516379,128.6129925,40,20
1184,수성로393,35.8608134,128.6135071,20,15
1185,수성로400,35.8610034,128.6149446,18,10
1186,수성로411,35.8625815,128.6135628,24,15
1187,수성로412,35.86238549999999,128.6152222,24,15
1188,수성로19길41,35.8336484,128.6091063,26,15
1189,수성로35길23,35.8414705,128.6109593,17,10
1190,수성로35길25,35.8414763,128.6107081,17,10
1191,수성로37길62,35.8429372,128.6089636,40,20
1192,수성로39안길13,35.844156,128.6112345,16,10
1193,수성로69길5,35.855095,128.6132405,41,20
1194,수성로69길14,35.8560838,128.613051,17,10
1195,수성로69길15,35.8554115,128.6126761,15,10
1196,수성로69길70,35.8572201,128.6103184,5,5
1197,수성로75길16,35.8577602,128.6132422,13,10
1198,시지로21,35.8714354,128.601445,24,15
1199,시지로45,35.8714354,128.601445,30,0
1200,시지로55,35.8714354,128.601445,24,15
1201,시지로3길48,35.8714354,128.601445,16,10
1202,신매로21,35.8317749,128.7059145,25,15
1203,신매로41,35.833384,128.7069415,25,15
1204,신매로51,35.8349063,128.7068034,26,15
1205,신매로91,35.8378946,128.7079545,26,15
1206,신천동로90,35.8332273,128.6075424,16,10
1207,신천동로150,35.8383958,128.6081762,39,20
1208,신천동로216,35.8442955,128.6086076,39,20
1209,신천동로264,35.8484549,128.6084656,36,20
1210,신천동로278,35.8496807,128.6088181,42,20
1211,신천동로280,35.8495119,128.6094124,37,20
1212,신천동로288,35.8501961,128.6090368,41,20
1213,신천동로290,35.8507187,128.6090663,37,20
1214,신천동로306,35.8520194,128.6092279,38,20
1215,신천동로320,35.8531655,128.6107114,31,20
1216,신천동로380,35.85884710000001,128.6091683,27,15
1217,신천동로470,35.8647711,128.6147379,15,10
1218,신천동로88길26,35.8623517,128.6126741,18,10
1219,영덕로455,35.8552805,128.6197752,12,10
1220,용학로22,35.8253062,128.6123771,47,20
1221,용학로137,35.8239056,128.6244605,18,10
1222,용학로189,35.822963,128.6299479,31,20
1223,용학로223,35.821627,128.633606,29,15
1224,용학로272,35.8200687,128.6385216,28,15
1225,용학로303,35.8227517,128.6409446,29,15
1226,용학로313,35.8238602,128.6416474,29,15
1227,용학로316,35.8223492,128.6425538,28,15
1228,용학로325,35.8246661,128.6422859,29,15
1229,용학로336,35.8241043,128.64403,28,15
1230,용학로34길14,35.8215926,128.626762,34,20
1231,용학로35길62,35.8246813,128.630236,29,15
1232,용학로36길17,35.8207804,128.6286768,33,20
1233,용학로36길20,35.8211108,128.62771,21,15
1234,용학로40길27,35.8196044,128.630187,2,5
1235,용학로42길13,35.8197757,128.6320564,34,20
1236,용학로42길46,35.82006930000001,128.6305603,31,20
1237,욱수천로7,35.8295285,128.709184,16,10
1238,욱수천로27,35.8310409,128.7098039,16,10
1239,욱수천로55,35.833373,128.7103483,12,10
1240,욱수천로77,35.8352208,128.711238,19,10
1241,욱수천로87,35.8332828,128.7115861,8,5
1242,욱수천로133,35.8402931,128.7155417,24,15
1243,지범로290,35.8145026,128.6478775,20,15
1244,지범로300,35.8147443,128.6491918,24,15
1245,지범로17길85,35.8278833,128.6280655,14,10
1246,지범로21길3,35.8243897,128.6359598,29,15
1247,지범로21길15,35.8257643,128.6361158,29,15
1248,지범로21길16,35.8247805,128.6370564,30,0
1249,지범로22길9,35.8224174,128.6366767,29,15
1250,지범로22길20,35.8215993,128.6347523,29,15
1251,지범로22길23,35.8212287,128.6359734,29,15
1252,지범로27길25,35.8253453,128.6383115,16,10
1253,지범로39길12,35.8199592,128.6433502,28,15
1254,지범로39길56,35.8217435,128.6439035,28,15
1255,지범로40길6,35.8192605,128.6403367,28,15
1256,지범로40길11,35.8185939,128.6416117,28,15
1257,지범로46길43,35.813762,128.6427912,25,15
1258,지범로52길69,35.81380960000001,128.6441604,13,10
1259,지범로54길15,35.8143341,128.6461974,21,15
1260,지산로5,35.8225217,128.6316001,29,15
1261,지산로31,35.82413349999999,128.6320743,29,15
1262,지산로32,35.8235918,128.633439,29,15
1263,지산로48,35.8248727,128.6344475,29,15
1264,지산로56,35.8265576,128.6345605,29,15
1265,지산로11길20,35.8265025,128.6316626,19,10
1266,지산로13길16,35.8273228,128.6319867,17,10
1267,지산로14길83,35.8265007,128.638157,26,15
1268,지산로14길123,35.8259856,128.6404361,12,10
1269,천을로33,35.845031,128.6942324,17,10
1270,천을로35,35.8450564,128.6945238,16,10
1271,천을로49,35.8451648,128.6958852,26,15
1272,천을로91,35.8451364,128.7012351,13,10
1273,천을로131,35.8444991,128.7052523,25,15
1274,천을로180,35.842209,128.7099743,25,15
1275,천을로181,35.84299439999999,128.710672,24,15
1276,천을로201,35.8421498,128.712357,18,10
1277,천을로203,35.8420311,128.7126073,18,10
1278,천을로23길21,35.8459251,128.7042974,13,10
1279,천을로23길26,35.8456321,128.7056974,20,15
1280,천을로23길31,35.8467597,128.7058358,14,10
1281,동대구로204,35.848572,128.6255151,42,20
1282,동대구로210,35.8490442,128.6255166,14,10
1283,동대구로230,35.8510011,128.6260114,37,20
1284,동대구로240,35.8519106,128.6266917,20,15
1285,동대구로250,35.8528655,128.6260903,17,10
1286,동대구로274,35.85471,128.6263583,32,20
1287,동대구로300,35.8567132,128.6266254,11,10
1288,동대구로336,35.8497073,128.6256448,3,5
1289,동대구로337,35.8606578,128.6258404,13,10
1290,동대구로354,35.8497073,128.6256448,3,5
1291,동대구로376,35.8497073,128.6256448,7,5
1292,동대구로38길80,35.85001159999999,128.6278845,39,20
1293,동대구로48길33,35.8507752,128.6278573,36,20
1294,동대구로50길67,35.8514798,128.6297948,13,10
1295,동대구로50길94,35.8500616,128.6286732,22,15
1296,동대구로52길14,35.8533804,128.6267486,14,10
1297,동대구로52길55,35.8539056,128.6281843,13,10
1298,동대구로55길11,35.8553428,128.6244079,4,5
1299,동대구로73길7,35.86279469999999,128.6258627,41,20
1300,동대구로73길10-10,35.8636385,128.6261905,42,20
1301,동대구로74안길6,35.8644155,128.6292726,42,20
1302,동원로100,35.8685041,128.6401457,17,10
1303,동원로110,35.8697984,128.638288,17,10
1304,동원로123,35.8690883,128.6360577,17,10
1305,청호로438,35.8556892,128.6410037,2,5
1306,청호로466,35.8567536,128.6431912,14,10
1307,청호로46길16,35.8384094,128.6417867,29,15
1308,청호로57길89,35.8427488,128.6340629,18,10
1309,청호로57길95,35.8427541,128.6337397,18,10
1310,청호로69길30,35.8492255,128.6364924,34,20
1311,청호로84안길2,35.8539371,128.6413184,20,15
1312,청호로88길22,35.8548271,128.641754,10,10
1313,청호로92길15,35.8559763,128.643269,39,20
1314,청호로94길10,35.8570568,128.644313,41,20
1315,청호로96길12,35.85761100000001,128.6458365,36,20
1316,파동로19,35.8062532,128.6220187,16,10
1317,파동로83,35.8113837,128.6177919,18,10
1318,파동로84,35.8120283,128.6186378,32,20
1319,파동로98,35.8129938,128.6175565,40,20
1320,파동로105,35.8130177,128.6164224,15,10
1321,파동로117,35.8138303,128.6156054,39,20
1322,파동로120,35.8144125,128.6166733,33,20
1323,파동로209,35.8211702,128.6112874,17,10
1324,파동로222,35.8152965,128.6158813,7,5
1325,파동로223,35.8224619,128.6107461,31,20
1326,파동로233,35.8233951,128.6106747,17,10
1327,파동로235,35.8235405,128.6106183,17,10
1328,천을로31길8,35.8439478,128.7091761,24,15
1329,청솔로123,35.8576551,128.6208799,41,20
1330,청솔로131,35.8582009,128.6209694,39,20
1331,청솔로2길41,35.847248,128.6227217,18,10
1332,청솔로12길40,35.8501713,128.6230036,26,15
1333,청송로126,35.8714354,128.601445,38,20
1334,청송로132,35.8581169,128.6217017,40,20
1335,청수로213,35.8405238,128.6312601,14,10
1336,청수로274,35.8403774,128.6374777,2,5
1337,청수로551,35.8520969,128.6584371,15,10
1338,청수로1길68,35.8445882,128.6093714,36,20
1339,청수로35길150,35.8427564,128.6357013,31,20
1340,청수로40길29,35.8378376,128.6306311,17,10
1341,청수로45길41,35.8434162,128.6317557,28,15
1342,청호로229,35.83803,128.6399218,28,15
1343,청호로330,35.8461633,128.6404743,34,20
1344,청호로345,35.84792789999999,128.6371097,16,10
1345,청호로365,35.8495943,128.6378083,30,0
1346,청호로370,35.8508578,128.6393606,32,20
1347,청호로 411-3,35.8539715,128.6384103,6,5
1348,청호로422,35.8541736,128.6400704,26,15
1349,청호로433,35.8555472,128.6399031,33,20
1350,청호로 433,35.8555472,128.6399031,2,5
1351,갈밭남로12,35.8003204,128.5310646,2,5
1352,감삼1길 100,35.8454725,128.5381693,3,5
1353,감삼2길7-5,35.8499664,128.5404072,17,10
1354,감삼2길7-7,35.8499817,128.5406099,17,10
1355,감삼2길7-11,35.84989059999999,128.5408196,18,10
1356,감삼길19,35.8501449,128.5389969,17,10
1357,감삼길107,35.8502411,128.5440414,18,10
1358,계대동문로99,35.85623289999999,128.5031315,26,15
1359,계대동문로123,35.856222,128.5059314,26,15
1360,구마로97,35.8378337,128.5383878,12,10
1361,구마로138,35.8371038,128.5427529,40,20
1362,구마로171,35.8377472,128.5467643,35,20
1363,구마로12길19,35.836577,128.5341997,39,20
1364,구마로12길89,35.8328494,128.5351498,28,15
1365,구마로14길40,35.8354144,128.535001,18,10
1366,구마로14길81,35.8338113,128.536127,40,20
1367,구마로14남길7,35.83540730000001,128.5347552,18,10
1368,구마로14남길15,35.8354285,128.534451,6,5
1369,구마로14남길22,35.8295404,128.5244913,5,5
1370,구마로14남길40,35.8356526,128.5330999,24,15
1371,구마로14남길55,35.8333049,128.5324455,28,15
1372,구마로17길31,35.8419578,128.5510008,20,15
1373,파동로237,35.8236978,128.6105298,16,10
1374,파동로12길40,35.8098028,128.6223429,23,15
1375,파동로22길3,35.8139054,128.6171452,24,15
1376,파동로22길15,35.813431,128.619176,4,5
1377,파동로38길43-1,35.8188713,128.6149239,37,20
1378,파동로46길32,35.8216199,128.6134322,40,20
1379,화랑로2길113,35.868037,128.6369617,12,10
1380,화랑로32길91,35.8720782,128.6456283,13,10
1381,화랑로34길141,35.8740594,128.6536133,15,10
1382,화랑로34길173,35.875091,128.6487309,4,5
1383,화랑로36길13,35.8764579,128.6467669,39,20
1384,효행로24,35.8759924,128.6496812,35,20
1385,당산동길85,35.8453028,128.54938,19,10
1386,당산로82,35.8444069,128.5458193,12,10
1387,당산로187,35.8532765,128.5480666,23,15
1388,당산로21길43,35.8470914,128.542542,17,10
1389,당산로21길46,35.8473357,128.5425503,18,10
1390,당산로30길12,35.8491146,128.5477845,24,15
1391,당산로36길73,35.8508931,128.5526469,18,10
1392,당산로41서길3,35.8538979,128.5438095,39,20
1393,당산로41서길13,35.8543714,128.5437419,40,20
1394,당산로45길57,35.8557626,128.5444423,40,20
1395,당산로45길61,35.8556936,128.5439613,39,20
1396,대명천로16,35.9021687,128.849098,39,20
1397,대명천로67,35.9021687,128.849098,39,20
1398,대명천로101,35.9021687,128.849098,12,10
1399,대명천로119,35.9021687,128.849098,12,10
1400,대명천로153,35.9021687,128.849098,33,20
1401,대명천로250,35.9021687,128.849098,15,10
1402,대명천로43길46,35.9021687,128.849098,4,5
1403,대명천로45길14,35.9021687,128.849098,5,5
1404,대명천로45길42,35.9021687,128.849098,17,10
1405,대명천로45길46,35.9021687,128.849098,18,10
1406,대명천로47길14,35.9021687,128.849098,18,10
1407,구마로21길51,35.8397682,128.5391392,19,10
1408,구마로21길51,35.8397682,128.5391392,19,10
1409,구마로36길20,35.8361662,128.5456012,34,20
1410,구마로36길33,35.8351686,128.5477384,32,20
1411,구마로46길21,35.8359172,128.5529371,36,20
1412,구마로52길59,35.8345119,128.5547381,39,20
1413,구마로52안길57,35.8340207,128.5510124,23,15
1414,달구벌대로995,35.8538104,128.475389,13,10
1415,달구벌대로1530,35.8532044,128.5203154,7,5
1416,달구벌대로1748,35.8570682,128.5564984,15,10
1417,달구벌대로283길 50,35.851969,128.5230462,6,5
1418,달구벌대로301길14-7,35.8506916,128.5324101,18,10
1419,달구벌대로301길14-13,35.8508355,128.5326789,18,10
1420,달구벌대로301길14-13,35.8508355,128.5326789,18,10
1421,달구벌대로304길52,35.8473808,128.5328673,25,15
1422,달구벌대로305길10,35.8503862,128.5340078,19,10
1423,달구벌대로307길11,35.8506438,128.5342486,15,10
1424,달구벌대로309길5,35.8510052,128.5360656,4,5
1425,달구벌대로323길39,35.8543507,128.5415386,34,20
1426,달구벌대로329길39,35.8552792,128.5451055,39,20
1427,달구벌대로332길78,35.8507605,128.5463699,39,20
1428,달구벌대로340길30,35.8537695,128.5518099,39,20
1429,달서대로41,35.8129173,128.5107446,12,10
1430,달서대로67,35.8137707,128.5086487,14,10
1431,달서대로719,35.8638119,128.4896484,15,10
1432,상인로105,35.8157399,128.5455057,27,15
1433,상인로26길29,35.8177821,128.5463408,17,10
1434,상인서로3,35.8116189,128.5463262,27,15
1435,상인서로39,35.813643,128.5444003,27,15
1436,상인서로46,35.8150527,128.5443922,27,15
1437,상인서로65,35.8154748,128.5425316,27,15
1438,상인서로75,35.8163243,128.5414307,27,15
1439,상인서로76,35.8173008,128.5429645,27,15
1440,상인서로85,35.8173685,128.5403268,27,15
1441,상인서로94,35.8185393,128.5417335,27,15
1442,상화로24,35.8097231,128.5164205,25,15
1443,상화로35,35.8086739,128.5187197,5,5
1444,상화로65,35.8085902,128.5210052,16,10
1445,상화로86,35.8069003,128.5230567,19,10
1446,상화로90,35.8070818,128.5244255,16,10
1447,상화로235,35.8105373,128.5389383,10,10
1448,상화로277,35.8087149,128.5441155,26,15
1449,상화로370,35.8077041,128.5531044,27,15
1450,상화로371,35.8092074,128.5529223,27,15
1451,상화로373,35.8088907,128.5551508,27,15
1452,상화로380,35.807634,128.5561788,27,15
1453,상화로5길23,35.8101148,128.5179689,12,10
1454,상화로5길24,35.8097951,128.5187436,12,10
1455,상화로7길31,35.8095118,128.5202566,23,15
1456,상화로8길23,35.8071325,128.5179296,20,15
1457,상화로8길26,35.808412,128.5165371,28,15
1458,상화로21길55,35.8104188,128.5239517,25,15
1459,상화로21길64,35.8113671,128.5245311,38,20
1460,상화로58길86,35.8054749,128.5488213,15,10
1461,상화로59길33,35.8099047,128.5454913,24,15
1462,상화북로117,35.8118186,128.5392269,31,20
1463,상화북로137,35.8119745,128.5414244,31,20
1464,상화북로159,35.8122946,128.5432048,31,20
1465,상화북로160,35.8110566,128.5427118,26,15
1466,상화북로195,35.8144852,128.5467044,26,15
1467,상화북로195,35.8144852,128.5467044,26,15
1468,상화북로196,35.8130604,128.5478543,27,15
1469,상화북로5길39,35.8123633,128.5273682,27,15
1470,새동네로34,35.8517496,128.5192581,23,15
1471,선원남로77,35.8581658,128.5085811,23,15
1472,선원남로99,35.858196,128.5118664,22,15
1473,선원남로151,35.8580055,128.516574,22,15
1474,선원남로181,35.8580967,128.519884,23,15
1475,선원로100,35.8583974,128.5032348,26,15
1476,선원로122,35.85819590000001,128.5057203,23,15
1477,선원로137,35.8595256,128.5090836,23,15
1478,대명천로47길19,35.9021687,128.849098,6,5
1479,대명천로47길23,35.9021687,128.849098,6,5
1480,대명천로47길26,35.9021687,128.849098,5,5
1481,대명천로47길38,35.9021687,128.849098,19,10
1482,대명천로47길42,35.9021687,128.849098,16,10
1483,대명천로47길42,35.9021687,128.849098,20,15
1484,대명천로51길59,35.9021687,128.849098,4,5
1485,대명천로51길70,35.9021687,128.849098,29,15
1486,도원남로40,35.8034567,128.5340243,24,15
1487,도원로45,35.8054156,128.537411,23,15
1488,도원로46,35.8056814,128.5339949,24,15
1489,두류6길9,35.8575803,128.5663283,21,15
1490,두류공원로50길23,35.8567292,128.5600523,16,10
1491,두류길8,35.860155,128.5738325,16,10
1492,비슬로2724,35.8090724,128.5136533,15,10
1493,비슬로2731,35.8105105,128.5137722,24,15
1494,비슬로2734,35.8090771,128.5125903,9,5
1495,비슬로538길22,35.806315,128.5092639,26,15
1496,비슬로540길14,35.8077176,128.5105166,29,15
1497,비슬로540길38,35.8070561,128.5109107,30,0
1498,비슬로550길38,35.8086275,128.5152605,17,10
1499,상원로142,35.8210599,128.5303208,13,10
1500,상원로143,35.8202928,128.5286878,14,10
1501,선원로171,35.8601939,128.5117497,23,15
1502,선원로241,35.8595615,128.51838,23,15
1503,선원로23북길51-15,35.8606708,128.5021043,18,10
1504,성당로19,35.8391411,128.5584365,3,5
1505,성당로187,35.8500914,128.5703059,35,20
1506,성당로231,35.8530025,128.573564,41,20
1507,성당로33길16,35.8490951,128.5692238,25,15
1508,성당로33길40,35.8504621,128.5689181,40,20
1509,성당로35길35,35.8503134,128.5692912,40,20
1510,성당로35길40,35.8509629,128.5699302,41,20
1511,성서동로350,35.8516974,128.5165254,26,15
1512,성서동로355-20,35.8531924,128.5134263,23,15
1513,성서동로355-27,35.8517534,128.5124848,24,15
1514,성서로76길14,35.8504189,128.5083744,5,5
1515,성서서로316,35.8530975,128.5008896,26,15
1516,성서서로330,35.8546996,128.500996,26,15
1517,성지로11,35.8543046,128.5168069,23,15
1518,성지로12,35.8530823,128.5168255,23,15
1519,성지로35,35.8544083,128.5197194,23,15
1520,성지로35,35.8544083,128.5197194,23,15
1521,성지로42,35.8530316,128.5202152,23,15
1522,성지로75,35.85618040000001,128.520124,23,15
1523,송현로72,35.8241469,128.5450364,18,10
1524,송현로103,35.8262961,128.5435459,28,15
1525,송현로103-8,35.8266053,128.5429393,17,10
1526,송현로113,35.8279186,128.5433235,28,15
1527,송현로161,35.8315836,128.5442738,40,20
1528,송현로7길10,35.8215932,128.5454915,10,10
1529,송현로7길41,35.81888,128.5477117,21,15
1530,송현로10길9,35.8230614,128.5474726,17,10
1531,송현로16길43,35.8258555,128.5447105,39,20
1532,송현로25길74,35.8320893,128.5440459,40,20
1533,신당로55,35.8547496,128.4978565,25,15
1534,신당로55,35.8547496,128.4978565,25,15
1535,신당로56,35.8527016,128.4979101,25,15
1536,야외음악당로45,35.8412983,128.5527121,17,10
1537,야외음악당로7길14,35.8402217,128.5518246,40,20
1538,야외음악당로39길54,35.8550196,128.5553404,18,10
1539,야외음악당로39서길45,35.8530691,128.5522147,40,20
1540,야외음악당로47길60,35.8575453,128.5603404,37,20
1541,야외음악당로47길60,35.8575453,128.5603404,39,20
1542,와룡로33,35.84747249999999,128.5336729,4,5
1543,와룡로33-1,35.8357843,128.5363163,17,10
1544,와룡로67,35.8387317,128.5363151,12,10
1545,와룡로108,35.8423317,128.5374861,30,0
1546,와룡로169,35.848291,128.5359266,10,10
1547,송현로103,35.8262961,128.5435459,28,15
1548,송현로103-8,35.8266053,128.5429393,17,10
1549,송현로113,35.8279186,128.5433235,28,15
1550,송현로161,35.8315836,128.5442738,40,20
1551,송현로7길10,35.8215932,128.5454915,10,10
1552,송현로7길41,35.81888,128.5477117,21,15
1553,송현로10길9,35.8230614,128.5474726,17,10
1554,송현로16길43,35.8258555,128.5447105,39,20
1555,송현로25길74,35.8320893,128.5440459,40,20
1556,신당로55,35.8547496,128.4978565,25,15
1557,신당로55,35.8547496,128.4978565,25,15
1558,신당로56,35.8527016,128.4979101,25,15
1559,야외음악당로45,35.8412983,128.5527121,17,10
1560,야외음악당로7길14,35.8402217,128.5518246,40,20
1561,야외음악당로39길54,35.8550196,128.5553404,18,10
1562,야외음악당로39서길45,35.8530691,128.5522147,40,20
1563,야외음악당로47길60,35.8575453,128.5603404,37,20
1564,야외음악당로47길60,35.8575453,128.5603404,39,20
1565,와룡로33,35.84747249999999,128.5336729,4,5
1566,와룡로33-1,35.8357843,128.5363163,17,10
1567,와룡로67,35.8387317,128.5363151,12,10
1568,와룡로108,35.8423317,128.5374861,30,0
1569,와룡로169,35.848291,128.5359266,10,10
1570,와룡로5길23,35.8347564,128.5356021,7,5
1571,와룡로5길38,35.8351895,128.5346807,17,10
1572,와룡로5길42,35.8351807,128.5344482,17,10
1573,와룡로9길37,35.8364961,128.5332337,4,5
1574,와룡로9길41,35.836546,128.5344851,4,5
1575,와룡로9길59,35.8363529,128.5331123,37,20
1576,와룡로9길74,35.836775,128.5326436,18,10
1577,와룡로9길78,35.836731,128.5323976,7,5
1578,와룡로9길96,35.8366967,128.5314067,18,10
1579,와룡로10길14,35.8365004,128.5382416,40,20
1580,와룡로10길43,35.83672800000001,128.5395437,18,10
1581,와룡로10길48,35.8364332,128.5397708,40,20
1582,와룡로10길101,35.8366597,128.5425153,40,20
1583,와룡로10길101,35.8366597,128.5425153,40,20
1584,와룡로13길15,35.8380223,128.535914,6,5
1585,와룡로14길20,35.8381221,128.538599,39,20
1586,와룡로14길35,35.8384081,128.5391344,20,15
1587,와룡로14길53,35.8383216,128.5405441,35,20
1588,와룡로14길70,35.8380685,128.5406874,40,20
1589,와룡로15길86,35.8408917,128.5321641,31,20
1590,와룡로16길17,35.8394045,128.5382424,5,5
1591,와룡로16길27-3,35.8393421,128.5388762,4,5
1592,와룡로16길27-7,35.8393421,128.5388762,4,5
1593,와룡로16길27-18,35.8399665,128.538938,5,5
1594,와룡로17길9,35.8404269,128.5349357,4,5
1595,와룡로53길40,35.8573107,128.5350972,17,10
1596,용산로88,35.845718,128.531603,15,10
1597,용산로160,35.8511702,128.5311932,23,15
1598,용산로174,35.8533453,128.5311391,23,15
1599,용산로253,35.8596567,128.5296322,21,15
1600,용산로254,35.8596259,128.5317036,20,15
1601,용산로259,35.8608583,128.5289836,20,15
1602,용산로266,35.86105,128.5325159,22,15
1603,용산로12길86,35.8424544,128.5354457,3,5
1604,용산로12길88,35.8425643,128.5333921,4,5
1605,용산로14길53,35.8431502,128.5338452,16,10
1606,용산서로9,35.8569029,128.5296991,21,15
1607,용산서로21,35.85688409999999,128.5280294,22,15
1608,용산서로22,35.8581568,128.5282283,21,15
1609,용산서로37,35.8570136,128.5264503,21,15
1610,용산서로38,35.8579997,128.5266362,21,15
1611,용산큰못길30,35.859653,128.5282149,21,15
1612,월곡로112,35.8075359,128.5504609,27,15
1613,월곡로171,35.8106358,128.5454675,26,15
1614,월곡로291,35.8194829,128.5363394,23,15
1615,월곡로320,35.8225367,128.5352953,26,15
1616,월배로22길43,35.8133068,128.5262498,13,10
1617,월배로23길12,35.8152996,128.5266086,18,10
1618,월배로23길16,35.8155036,128.5265225,5,5
1619,월배로23길60,35.8172774,128.5257354,3,5
1620,월배로28길8,35.8151182,128.5295155,19,10
1621,월배로28길45,35.8142147,128.5319574,4,5
1622,월배로28길12-5,35.8149491,128.5298619,18,10
1623,월배로28길12-9,35.8147701,128.5297666,18,10
1624,월배로28안길17-18,35.81410109999999,128.5298264,17,10
1625,월배로28안길17-18,35.81410109999999,128.5298264,18,10
1626,월배로28안길20,35.8145809,128.5287263,17,10
1627,월배로28안길54,35.8132487,128.5279185,18,10
1628,월배로32길9,35.8160015,128.5313562,18,10
1629,월배로32길15,35.8158682,128.5315523,18,10
1630,월배로32길19,35.8157179,128.5317106,18,10
1631,월배로32길23,35.8155774,128.5318867,18,10
1632,월배로32길26,35.8150754,128.5316598,16,10
1633,월배로32길29,35.8153933,128.5321278,18,10
1634,월배로32안길35,35.8142458,128.5307403,30,0
1635,월배로32안길40,35.8143761,128.5300053,20,15
1636,월배로32안길61,35.8129451,128.5301407,30,0
1637,월배로32안길66,35.8132311,128.5290526,26,15
1638,월배로33길53,35.8181133,128.5291241,2,5
1639,월배로33길117,35.8205398,128.5264274,12,10
1640,월배로34길27,35.8153204,128.5327161,26,15
1641,월배로34길28-1,35.8156072,128.5320618,17,10
1642,월배로34길47,35.81456730000001,128.5322109,7,5
1643,월배로39길26,35.8199118,128.5333122,11,10
1644,월배로69길19,35.8268452,128.5466696,18,10
1645,월배로73길9,35.8275327,128.5479173,40,20
1646,월배로80길40,35.8286533,128.5525867,16,10
1647,월배로85길34,35.8333225,128.551137,18,10
1648,월배로93길53,35.8348715,128.552186,39,20
1649,월서로14,35.8216574,128.5333815,12,10
1650,월서로31,35.8195218,128.532037,13,10
1651,월서로51,35.8187321,128.5296303,14,10
1652,월서로3길15,35.8202684,128.534812,12,10
1653,월성로132,35.830639,128.5292615,6,5
1654,율곡로94길30,35.8328391,128.5270764,29,15
1655,율성로77,35.8714354,128.601445,29,15
1656,이곡공원로33,35.8563952,128.5114352,23,15
1657,이곡공원로49,35.8558526,128.5135475,22,15
1658,이곡공원로83,35.8561377,128.5166383,23,15
1659,이곡동로24,35.8533378,128.5101866,26,15
1660,장기로115,35.8422622,128.5478901,12,10
1661,장기로116,35.8437513,128.547669,42,20
1662,장기로127,35.8422912,128.5458823,12,10
1663,장기로145,35.8420886,128.5430537,12,10
1664,장기로160,35.8441523,128.5431308,13,10
1665,장기로189,35.8421064,128.5404956,12,10
1666,장기로227,35.8433227,128.5353729,39,20
1667,장기로242,35.8453483,128.5344865,17,10
1668,장기로252,35.8425947,128.5399103,4,5
1669,장기로10길27,35.8444393,128.5552811,16,10
1670,장기로10길29,35.8445566,128.5550505,17,10
1671,장기로22길9,35.8439819,128.5484997,39,20
1672,장기로22길23,35.8446135,128.5485428,32,20
1673,장기로26길30,35.8446278,128.5475776,33,20
1674,장산남로33,35.8508543,128.5265823,16,10
1675,장산로10,35.8548409,128.5296467,22,15
1676,장산로20,35.8548211,128.5279958,22,15
1677,조암남로10,35.8239402,128.5303416,11,10
1678,조암남로24,35.8194184,128.5228843,13,10
1679,조암남로116,35.8193572,128.5199816,11,10
1680,조암남로123,35.8179407,128.5207593,11,10
1681,조암남로132,35.8188017,128.5185928,12,10
1682,조암남로182,35.8154885,128.5144324,5,5
1683,조암남로10길21,35.8219099,128.5264121,14,10
1684,조암남로16길19,35.8211195,128.5228832,13,10
1685,조암남로16길20,35.8218851,128.524037,13,10
1686,조암남로32길13,35.8174351,128.5161462,12,10
1687,조암로6길19,35.8259285,128.5244321,11,10
1688,조암로6길20,35.8273876,128.5265302,12,10
1689,조암로10길11,35.8256694,128.5226762,4,5
1690,죽전길72,35.8549663,128.5405352,39,20
1691,죽전길78,35.8551772,128.5405345,39,20
1692,죽전1길19,35.8516873,128.5399373,35,20
1693,죽전1길82,35.8531744,128.5391491,19,10
1694,진천로25-8,35.811337,128.5250377,40,20
1695,진천로41,35.8121468,128.5241257,25,15
1696,진천로49,35.8131158,128.5243047,17,10
1697,진천로77,35.8156462,128.5219499,9,5
1698,진천로114-20,35.819075,128.5227381,18,10
1699,진천로3길99,35.8096948,128.5208785,17,10
1700,진천로4길39,35.8115233,128.5277632,27,15
1701,진천로7길47,35.8108285,128.5229972,24,15
1702,진천로10길17,35.8112865,128.5264452,6,5
1703,진천로16길85,35.8171495,128.5275526,17,10
1704,진천로18길10,35.8161467,128.5243644,14,10
1705,진천로18길59,35.817951,128.5258448,16,10
1706,진천로18길66,35.8175343,128.5263168,18,10
1707,진천로18길66,35.8175343,128.5263168,18,10
1708,진천로18길70,35.8176118,128.5265387,18,10
1709,파도고개로66,35.8536156,128.5712523,18,10
1710,학산남로90,35.8250511,128.5428026,18,10
1711,학산로15,35.8276496,128.5302761,28,15
1712,학산로30,35.8276817,128.5336276,29,15
1713,학산로220,35.8336267,128.5504485,40,20
1714,학산로2길11,35.8264284,128.5323033,29,15
1715,학산로2길24,35.8250348,128.5321269,29,15
1716,학산로2길27,35.8254546,128.5333991,29,15
1717,학산로2길39,35.824599,128.534675,29,15
1718,학산로7길5,35.8287845,128.5318819,29,15
1719,학산로7길27,35.8305655,128.5302689,29,15
1720,학산로7길39,35.8326319,128.530545,29,15
1721,학산로19길68,35.8353431,128.5362248,18,10
1722,학산로19길72,35.8354963,128.5362302,18,10
1723,학산로19길74,35.8356395,128.5362566,18,10
1724,학산로25길27,35.8350501,128.5404754,18,10
1725,학산로47길14,35.8345472,128.5517587,39,20
1726,학산로50길18-6,35.8332994,128.5522349,23,15
1727,한들로31,35.8475006,128.5284034,18,10
1728,한들로36,35.8475043,128.5267395,16,10
1729,한들로55,35.8457471,128.529108,20,15
1730,한들로70,35.8454555,128.5269595,19,10
1731,한실로29,35.8085412,128.5297385,23,15
1732,한실로30,35.8065976,128.53001,23,15
1733,한실로49,35.8085421,128.5335958,24,15
1734,한실로49,35.8085421,128.5335958,24,15
1735,한실로117,35.8082468,128.5381737,23,15
1736,한실로134,35.8057682,128.5411787,23,15
1737,한실로135,35.8074717,128.5409723,23,15
1738,한실로135,35.8074717,128.5409723,23,15
1739,한실로6길123,35.7979817,128.5289049,2,5
1740,호산로125,35.8508393,128.4756956,20,15
1741,호산로126,35.8511268,128.480025,21,15
1742,화암로372,35.8065674,128.521044,17,10
1743,화암로372,35.8065674,128.521044,17,10
1744,가창로1018,35.7750958,128.6409069,23,15
1745,가창로216길25,35.80293,128.6246283,15,10
1746,가창로216길55,35.8039869,128.6240092,15,10
1747,과학마을로70,35.6561086,128.4148694,4,5
1748,과학마을로2길6,35.65444859999999,128.4149028,9,5
1749,과학마을로3길14,35.6573014,128.4176101,3,5
1750,교항제림길10,35.789097,128.4432254,21,15
1751,금포로75-20,35.7731733,128.4237205,2,5
1752,남리3길18,35.7232676,128.4514876,14,10
1753,남리길7,35.7264833,128.4493901,29,15
1754,남리길48,35.7231047,128.4499735,23,15
1755,논공로7길55,35.7317765,128.4392541,30,0
1756,논공로7길73,35.73123340000001,128.4413548,28,15
1757,논공로9길39,35.7312264,128.4393163,33,20
1758,논공로21길15,35.7306208,128.4437104,31,20
1759,논공로23길14,35.7310897,128.4461008,24,15
1760,논공중앙로22길12,35.7255599,128.4475633,16,10
1761,논공중앙로22길36,35.7236615,128.449067,24,15
1762,다사로50,35.875809,128.4758575,2,5
1763,다사역로60,35.8680143,128.4570533,12,10
1764,달구벌대로770,35.8608316,128.4570707,23,15
1765,달구벌대로786,35.8616793,128.4574365,20,15
1766,월곡로27길27,35.8091055,128.5458354,19,10
1767,월곡로45길49,35.8130096,128.5395536,32,20
1768,월배로30,35.812114,128.5183681,28,15
1769,월배로51,35.81643090000001,128.5300665,7,5
1770,월배로71,35.814166,128.5221936,14,10
1771,월배로80,35.8133557,128.5236534,12,10
1772,월배로117-2,35.8150466,128.5271613,2,5
1773,월배로124-12,35.81451029999999,128.5277797,2,5
1774,월배로132,35.814945,128.5287398,17,10
1775,월배로183,35.8183052,128.5332096,13,10
1776,월배로245,35.8205027,128.5398611,21,15
1777,월배로280,35.8199581,128.5439044,34,20
1778,월배로340,35.8256329,128.5482617,18,10
1779,월배로 367,35.8278113,128.5486828,4,5
1780,월배로403,35.8305467,128.5508677,17,10
1781,월배로420,35.8313498,128.5532286,33,20
1782,월배로5길76,35.8146487,128.5145473,4,5
1783,월배로11길9-15,35.8134336,128.5189974,13,10
1784,월배로11길9-16,35.8142345,128.5188676,13,10
1785,월배로11길33,35.8147896,128.5184275,7,5
1786,월배로14길43,35.81162030000001,128.5220618,25,15
1787,월배로22길14,35.8140363,128.5261167,17,10
1788,월배로22길24,35.8135433,128.5258976,17,10
1789,월배로22길35,35.8128372,128.5263976,18,10
1790,명곡로101,35.7882278,128.5017602,20,15
1791,명곡로130,35.7882278,128.5017602,20,15
1792,명천로57,35.80382410000001,128.511514,17,10
1793,명천로243,35.7977458,128.4928982,19,10
1794,본리로102,35.7949013,128.4541937,19,10
1795,비슬로1941,35.7854243,128.4538125,5,5
1796,비슬로2001,35.7735783,128.4202301,3,5
1797,비슬로2545,35.8023273,128.495105,3,5
1798,비슬로2674,35.8072079,128.5080746,25,15
1799,비슬로2679,35.8083645,128.5084394,36,20
1800,비슬로2715,35.8104238,128.5121151,25,15
1801,비슬로120길13,35.6925021,128.4441699,35,20
1802,비슬로136길28,35.6960644,128.442393,25,15
1803,비슬로208길28,35.7276393,128.4365265,15,10
1804,비슬로447길11,35.7908068,128.4654222,13,10
1805,비슬로447길56,35.791857,128.466086,3,5
1806,비슬로491길13,35.7983222,128.4859261,25,15
1807,비슬로525길21,35.8069761,128.502087,31,20
1808,비슬로525길37,35.8077803,128.5011737,28,15
1809,비슬로525길48,35.80912920000001,128.5008358,28,15
1810,비슬로539길5,35.8088943,128.5095548,23,15
1811,비슬로539길17,35.8099861,128.5084165,23,15
1812,비슬로539길35,35.8113563,128.5071062,13,10
1813,세천남로35,35.8746539,128.4713227,3,5
1814,세천로160,35.8726767,128.4756405,4,5
1815,세천로182-10,35.8726767,128.4756405,3,5
1816,세천로187,35.8726767,128.4756405,4,5
1817,세천북로10,35.8796061,128.4762,3,5
1818,세천북로20,35.8773784,128.4740954,3,5
1819,왕선로26,35.8609268,128.4651353,12,10
1820,왕선로49,35.8641799,128.4632198,27,15
1821,용호로6,35.7274653,128.4468654,30,0
1822,죽곡1길42,35.8545113,128.4630097,12,10
1823,죽곡2길6,35.8569029,128.4615145,24,15
1824,테크노대로165,35.690739,128.465328,4,5
1825,테크노대로195,35.8714354,128.601445,4,5
1826,테크노대로5길57,35.6941346,128.4652538,4,5
1827,테크노대로5길58,35.8714354,128.601445,4,5
1828,테크노대로5길79,35.6960759,128.4653091,4,5
1829,테크노대로5길80,35.6968195,128.4678271,4,5
1830,테크노북로164,35.6960206,128.4623552,5,5
1831,테크노북로165,35.697736,128.4621995,4,5
1832,비슬로539길38,35.8112907,128.5091961,13,10
1833,사문진로349,35.8081253,128.4885263,20,15
1834,사문진로6길17,35.8043767,128.4924999,20,15
1835,서재로120,35.8743758,128.4987478,24,15
1836,서재로7길23,35.8708826,128.4900171,4,5
1837,서재로7길25,35.8708826,128.4900171,3,5
1838,서재로12길38,35.8672055,128.4920545,5,5
1839,서재로12길41-16,35.8670704,128.4948707,15,10
1840,서재로14길2,35.8685892,128.4972753,10,10
1841,서재로24길29,35.8727702,128.5001397,13,10
1842,서재로27길42,35.8749049,128.4959216,13,10
1843,서재로28길39,35.8751328,128.4998766,18,10
1844,서재로30길6-3,35.875739,128.4978006,17,10
1845,서재로30길7,35.87717190000001,128.4978373,21,15
1846,서재로30길17,35.8766763,128.4997633,23,15
1847,서재본길10,35.872301,128.4961424,17,10
1848,성암로25,35.8013846,128.5103588,17,10
1849,성화로4길13,35.8026226,128.4914313,25,15
1850,성화로6길5,35.8014824,128.4896606,27,15
1851,테크노북로2길9,35.8148082,128.4912694,3,5
1852,테크노북로2길10,35.6907962,128.4499843,5,5
1853,테크노북로2길30,35.6904377,128.4520075,4,5
1854,테크노북로4길11,35.8714354,128.601445,5,5
1855,테크노북로4길27,35.6945334,128.4566482,3,5
1856,테크노북로9길16,35.692568,128.4652019,5,5
1857,테크노북로9길42,35.7294202,128.4410283,5,5
1858,테크노상업로33,35.6921373,128.4530865,6,5
1859,테크노상업로49,35.8714354,128.601445,4,5
1860,테크노상업로111,35.8714354,128.601445,3,5
1861,테크노순환로423,35.8714354,128.601445,2,5
1862,현풍동로23,35.6933611,128.4482838,33,20
1863,현풍동로47-1,35.6948249,128.4502268,23,15
1864,현퐁동로20길48-2,35.877673,128.6132731,29,15
1865,현풍동로20길48-2,35.7021481,128.4541223,29,15
1866,현풍로24길6,35.6965437,128.4514475,28,15
1867,현풍중앙로14길85,35.6942393,128.4496743,30,0
1868,화암로120,35.798101,128.4998716,20,15
1869,화원로10,35.8060175,128.5009114,31,20
1870,화원로26,35.8070499,128.5001766,29,15
1871,화원로36,35.8083717,128.4996383,30,0
1872,화원로3길66,35.8057702,128.4977365,15,10
1873,달구벌대로790,35.8616634,128.4582935,25,15
1874,달구벌대로802,35.8619317,128.4595373,20,15
1875,달구벌대로802-1,35.8608272,128.4593959,24,15
1876,달구벌대로812,35.8609717,128.4609679,21,15
1877,달구벌대로842-7,35.8593354,128.4615419,24,15
1878,달구벌대로174길50,35.8581966,128.4621828,2,5
1879,대실역남로11,35.9021687,128.849098,3,5
1880,대실역남로33,35.9021687,128.849098,8,5
1881,대실역남로35,35.9021687,128.849098,9,5
1882,대실역남로50,35.9021687,128.849098,4,5
1883,대실역남로93,35.9021687,128.849098,8,5
1884,대실역북로16,35.9021687,128.849098,9,5
1885,대실역북로26,35.9021687,128.849098,12,10
1886,대실역북로38,35.9021687,128.849098,12,10
1887,대실역북로55,35.9021687,128.849098,12,10
1888,대실역북로1길6,35.9021687,128.849098,12,10
1889,돌미로51,35.8714354,128.601445,5,5
1890,돌미로70,35.8714354,128.601445,4,5
1891,돌미로2길15,35.8063843,128.5022887,4,5
1892,돌미로8길19,35.8714354,128.601445,2,5
1893,매곡로14길13,35.8660136,128.4565335,14,10
1894,매곡로14길622,35.8663647,128.4556091,12,10
1895,명곡로11,35.7991493,128.4981201,20,15
